
``````
------
!@#$%
!@#$%^
!@#$%^&
!@#$%^&*
!@#$%^&*()
.
......
........
@#$%^&_
*
******
*******
********
++++++
﻿
0
00
000
0.0.0.
000...
0000
0.0.0.0.
00000
000000
0000000
00000000
000000000
0000000000
0000000000000000
00000000000000000000
0000000000138
00000000a
00000001
0000000a
0000001
000000a
000000aa
000001
000007
00001111
00009999
000111
000111222
000119
000123
000123456
000168
000218
000222
000321
000333
000518
000520
000618
000666
0007
000789
000815
000888
000999
001001
001001001
001002
001002003
001007
001020
001028
001100
001119
001122
00112233
001123
001125
001128
001212
001213
001215
001218
001224
001225
001230
001234
00123456
001280
001314
005200
0054444944
007
007007
007007007
007008
007008009
007slm911
008008
008300
009009
009988
010010
0101001
010101
01010101
010203
01020304
0102030405
011104
012210
0123
0123.
01230123
012315
01233210
012345
0123456
0.123456
01234567
012345678
0123456789
0.123456789
01234567890
0133689
013579
0147258
0147258369
014789
0147896325
020202
020378
021021
023023
02368587114
0246
024680
0249
025520
02610471
030201
030303
030609
030809
033883
03916532
04020323
040328
040506
040622
048282512
050202
050505
05413330
0564335
059336
05962514787
060405
060606
070707
070809
080808
081125
08980898
089823368
090909
09090909
091128
09308066
0932313
098098
098765
09876543
0987654321
098plmokm
098poi
0okm0okm
0okm9ijn
1
100000
1000000
10000000
100001
10002000
100100
100100100
100101
10011001
10011C120105101
100200
100200.
100200100200
1002003
100200300
100800
100859
1008610086
1008611
100866
100900
100910091
100tal.com
1010
101010
10101010
1010101010
1010110
101101
101101101
101112
101200
10121012
10131013
10141014
10161016
101800
10181018
10201020
102030
1020304
10203040
1020304050
1020516
102102
10211021
1022
10221022
102249
102300
10231023
102400
10241024
102500
10251025
102578
102600
10261026
102682
102800
10281028
10291029
102938
1029384756
10301030
103103
105105
1060313
106106
107107
108108
109109
10sne1
11
110
110001
110011
11001100
11002958
110102
110108
110110
110110110
11011101
110112
110112119
110119
110119120
110120
110120119
110120130
110123
110220
1106
11081108
110911
111
111000
1111
11110000
11111
111110
111111
1111111
11111111
111111111
1111111111
11111111111
111111111111
1111111111111
1111111111111111
11111111111111111111
11111111a
11111112
1111111a
1111111q
1111112
11111122
111111a
111111aa
111111_l
111111q
111111qq
111111xxx
111112
1111122222
111116
111118
11111a
111122
11112222
111123
11118888
1111aaaa
1111qqqq
111213
111222
111222333
111222tianya
111223
111333
111444
111525
111555
111666
111777
111888
111999
111aaa
111eee
111qqq
112000
11201120
112100
11211121
112112
112112112
112113
1122
112200
112211
11221122
112233
11223300
112233112233
1122334
11223344
1122334455
112233445566
112233aa
112233qq
11223456
112288
1123
112300
11231123
11231214
112345
1123456
112358
11235813
1123581321
112400
11241124
112500
11251125
11259375
112600
112700
1128
112800
11301974
113113
113355
114114
114477
115000
115115
1155665
115569
115599
116116
116688
1168083681
117117
118118
118720
119110
119119
119119119
119120
119911
12
120000
120110
120120
120120120
12031203
121000
12101210
121100
12111211
121121
121121121
1212
121212
1212121
12121212
1212121212
12121212a
1212123
1212465
121300
12131213
121314
12131415
1213141516
121316
121500
12151215
1215225
12161216
121700
121800
12181218
121900
122000
122101544
122112
12211221
122122
122222
12231223
122333
1223334444
1223weiwei
122400
12241224
1225
122500
12251225
122600
122800
122900
123
!@#123
123!@#
123...
1230
12300
123000
12300000
12300123
123007
1230123
12301230
1230321
1230456
123098
123100
123110
123111
12311231
123123
123.123
1231230
12312300
1231231
12312312
123123123
123123123123
123123123a
123123321
1231234
123123456
123123a
123123aa
123123abc
123123ok
123123q
123123qq
123123qwe
123124
123147
12315
123150
123151
12315111
1231512315
123156
123159
12321
1232123
123223
123234
123258
1233
123321
123.321
1233210
12332100
12332111
12332112
123321123
123321123321
1233211234567
1233214
123321456
123321456654
123321a
123321aa
123321abc
123333
123345
123369
1234
123400
123412
1234123
12341234
12342234
1234321
12344321
123444
12345
123450
1234509876
123451
1234512345
123454321
123455
1234554321
123456
*123456
123.456
123...456
123456.
123456..
123456...
123456@
123456*
123456+
123456++
1234560
1234560.
12345600
123456000
1234561
12345611
12345612
123456123
123456123456
123456321
123456456
1234565
123456520
12345654321
1234566
123456654
123456654321
12345666
1234567
12345670
12345671
12345677
12345677654321
12345678
12345678.
123456780
123456781
123456788
123456789
123456789.
123456789@
123456789*
123456789+
1234567890
1234567890.
12345678900
123456789000
1234567890123
1234567890A
1234567891
12345678910
123456789123
123456789123456789
1234567899
123456789987654321
123456789a
123456789A
123456789aa
123456789aaa
123456789abc
123456789asd
123456789l
123456789m
123456789o
123456789p
123456789q
123456789qaz
123456789qq
123456789qwe
123456789w
123456789yt
123456789z
12345678a
12345678A@#
12345678q
12345679
123456798
1234567a
1234567abc
1234567b
1234567q
1234568
12345687
12345688
12345689
1234569
123456987
123456a
123456aa
123456AA
123456aaa
123456ab
123456abc
123456ABC
123456abcd
123456abcdef
123456as
123456asd
123456asdf
123456b
123456bb
123456bj
123456C
123456cc
123456h
123456kk
123456l
123456li
123456liu
123456ll
123456m
123456mm
123456ok
123456p
123456pp
123456q
123456qaz
123456qq
123456qqq
123456qw
123456qwe
123456qwer
123456qwerty
123456s
123456tt
123456w
123456ww
123456x
123456xx
123456y
123456yu
123456yy
123456Z
123456zx
123456zxc
123456zz
123457
12345789
1.23457E+11
123458
123459
12345A
12345abc
12345abcde
12345asdfg
12345qaz
12345qwert
12345ssdlh
123465
12346789
123478
12348765
1234abc
1234abcd
1234asdf
1234qwer
1234QWER
123520
123521
123546
123555
123567
12356789
123568
123569
123580
1235813
123581321
123654
123654123
1236547
12365478
123654789
123654789!
123654789.
123654987
123666
123678
123698
1236987
12369874
123698741
123698745
123789
1237890o0
123789456
123789abc
123852
123888
123890
123963
123987
123999
123a123
123a456b
123aaa
123abc
123ABC
123abc123
123abc456
123abcD
123asd
123asdf
123go
123qaz
123qazwsx
123qqq
123qwe
123qwe123
123qweasd
123qweasdzxc
123zxc
124124
124578
124578963
125125
125125125
125521
125800
126126
126127
127127
128128
129129
12axzas21a
12qwaszx
13
13011007058
130130
130130130
130582
130841
131131
1313
131313
13131313
1314
131400
13141314
131415
13141516
1314159
131415926
131417
1314179
131420
131421
131425
1314258
13143344
1314512
131452
1314520
13145200
131452000
1314520123
13145201314520
1314520520
1314521
13145210
1314526
131488
1314920
13149286ab
132132
132211
132333
132435
13243546
132456
132465
133133
133133133
133135136
13324016206
13434732456
134679
134679258
134679852
135135
135136
135246
135531
135565
13572468
13576744853
135781012
135789
13579
135790
1357900
135791
1357911
1357913579
135792468
1357924680
13579246810
135798
135799
13607054
13610366977
136136
13637067546
13677496724
13697767456
137137
137138
13784815326
138000
13800138000
138138
138139
138168
13869746303
139139
1392010
139364
141242
141414
14141414
141421
141516
141592
1415926
14159265
1415926535
142536
142857
14430
145236
1457521
147147
147147147
147258
147258369
1472583690
14725836900
147369
147369258
147741
147852
147852369
147896
1478963
14789632
147896321
147896325
147963
150150
151515
15151515
152535
153624
155500
156156
1564335
158158
159
159123
159159
159159159
159191122
159258357
159263
159357
159357123
159357159357
159357258
159357456
159632
1596321
159753
15975300
159753123
159753159753
159753456
15986mz
1598753
159951
161616
16161616
161718
162534
162636
163163
163163163
@163.com
16681668
168000
168168
168168168
168618
168668
16881688
168861
168888
16888888
16897168
16899052
16899168
168998
168999
169169
1701d
1708
1709
171717
171819
173173
175638080
178178
179091
181818
18181818
181855
182838
18411949
188188
188452
1887415157
18881888
191117
191919
19191919
191954
1928
192837
19283746
192837465
193777
194910
19491001
1949101
19491949
1951
1952
19520612
1956516
196396
196952
1970
197211
197228
197410
197411
19741130
197412
19741976
197488
197510
197511
197512
19751975
197600
197610
197611
197612
19761976
1976511
1976928
19770101
19770429
197711
19771127
197712
19771977
197777
1978
197800
19780312
19780503
197810
19781001
19781010
19781020
19781023
19781028
197811
19781111
19781122
19781128
197812
19781212
19781215
19781224
19781225
19781226
19781978
197832
197878
197900
19790118
19790514
197910
19791001
19791010
19791015
19791016
19791017
19791018
19791020
19791022
19791023
19791024
19791025
19791026
19791027
19791028
197911
19791102
19791103
19791111
19791113
19791121
19791123
19791127
19791129
197912
19791208
19791212
19791214
19791220
19791224
19791225
19791226
19791228
19791229
19791979
197979
197981
197988
197999
1980
198000
19800101
19800214
19800419
19800619
19800829
198010
19801001
19801002
19801003
19801005
19801007
19801008
19801010
19801011
19801012
19801013
19801014
19801015
19801016
19801017
19801018
19801019
19801020
19801021
19801022
19801023
19801024
19801025
19801026
19801027
19801028
19801029
198011
19801102
19801103
19801105
19801106
19801107
19801109
19801110
19801111
19801112
19801113
19801114
19801115
19801116
19801117
19801118
19801119
19801120
19801121
19801122
19801123
19801124
19801125
19801126
19801127
19801128
19801129
19801130
198012
19801201
19801202
19801204
19801205
19801206
19801208
19801209
19801210
19801211
19801212
19801213
19801214
19801215
19801216
19801217
19801218
19801219
19801220
19801221
19801223
19801224
19801225
19801226
19801228
19801229
19801230
19801231
198018
198019
19801980
198021
198022
198023
198025
198028
198051
198061
198066
198081
198082
198088
198091
198096
198099
1981
198100
198101
19810101
19810122
19810202
19810210
19810214
19810325
19810402
19810415
19810601
19810606
19810609
19810618
19810620
19810625
19810628
19810629
19810715
198108
19810801
19810808
19810809
19810812
19810815
19810816
19810818
19810820
19810823
19810824
19810825
19810901
19810902
19810906
19810909
19810910
19810911
19810912
19810914
19810915
19810916
19810917
19810918
19810919
19810920
19810921
19810922
19810923
19810924
19810925
19810926
19810927
19810928
19810929
19810930
198110
19811001
19811002
19811003
19811004
19811005
19811006
19811007
19811008
19811009
19811010
19811011
19811012
19811013
19811014
19811015
19811016
19811017
19811018
19811019
19811020
19811021
19811022
19811023
19811024
19811025
19811026
19811027
19811028
19811029
19811030
19811031
198111
19811101
19811102
19811103
19811104
19811105
19811106
19811107
19811108
19811109
19811110
19811111
19811112
19811113
19811114
19811115
19811116
19811117
19811118
19811119
19811120
19811121
19811122
19811123
19811124
19811125
19811126
19811127
19811128
19811129
19811130
198112
19811201
19811202
19811203
19811204
19811205
19811206
19811207
19811208
19811209
19811210
19811211
19811212
19811213
19811214
19811215
19811216
19811217
19811218
19811219
19811220
19811221
19811222
19811223
19811224
19811225
19811226
19811227
19811228
19811229
19811230
19811231
198116
198117
198118
198119
19811981
198121
198122
198123
198124
198125
198126
198127
198128
198151
198154
198161
198166
198168
198171
198177
198181
198182
198188
198191
198196
198198
198199
1982
198200
198201
19820101
19820102
19820103
19820104
19820105
19820106
19820107
19820108
19820109
19820110
19820113
19820114
19820115
19820116
19820117
19820118
19820119
19820120
19820121
19820122
19820123
19820124
19820125
19820126
19820127
19820128
19820129
19820130
198202
19820201
19820202
19820203
19820204
19820205
19820206
19820207
19820208
19820209
19820210
19820211
19820212
19820213
19820214
19820215
19820216
19820217
19820218
19820219
19820220
19820221
19820222
19820224
19820225
19820226
19820227
19820228
198203
19820301
19820302
19820303
19820304
19820305
19820306
19820307
19820308
19820309
19820310
19820311
19820312
19820313
19820314
19820315
19820316
19820318
19820319
19820320
19820321
19820322
19820323
19820324
19820325
19820326
19820327
19820328
19820329
19820330
198204
19820401
19820402
19820403
19820404
19820405
19820406
19820407
19820408
19820409
19820410
19820412
19820413
19820414
19820415
19820416
19820417
19820418
19820419
19820420
19820421
19820422
19820423
19820424
19820425
19820426
19820427
19820428
19820429
19820501
19820502
19820504
19820505
19820506
19820508
19820510
19820512
19820513
19820515
19820516
19820517
19820518
19820520
19820521
19820523
19820524
19820525
19820526
19820527
19820528
19820529
198206
19820601
19820602
19820603
19820604
19820605
19820606
19820607
19820608
19820609
19820610
19820611
19820612
19820613
19820614
19820615
19820616
19820617
19820618
19820619
19820620
19820621
19820622
19820623
19820624
19820625
19820626
19820627
19820628
19820629
198207
19820701
19820702
19820703
19820704
19820705
19820706
19820707
19820708
19820709
19820710
19820711
19820712
19820713
19820714
19820715
19820716
19820717
19820718
19820719
19820720
19820721
19820722
19820723
19820724
19820725
19820726
19820727
19820728
19820729
198208
19820801
19820802
19820803
19820804
19820805
19820806
19820807
19820808
19820809
19820810
19820811
19820812
19820813
19820814
19820815
19820816
19820817
19820818
19820819
19820820
19820821
19820822
19820823
19820824
19820825
19820826
19820827
19820828
19820829
19820830
198209
19820901
19820902
19820903
19820904
19820905
19820906
19820907
19820908
19820909
19820910
19820911
19820912
19820913
19820914
19820915
19820916
19820917
19820918
19820919
19820920
19820921
19820922
19820923
19820924
19820925
19820926
19820927
19820928
19820929
19820930
198210
19821001
19821002
19821003
19821004
19821005
19821006
19821007
19821008
19821009
19821010
19821011
19821012
19821013
19821014
19821015
19821016
19821017
19821018
19821019
19821020
19821021
19821022
19821023
19821024
19821025
19821026
19821027
19821028
19821029
19821030
19821031
198211
19821101
19821102
19821103
19821104
19821105
19821106
19821107
19821108
19821109
19821110
19821111
19821112
19821113
19821114
19821115
19821116
19821117
19821118
19821119
19821120
19821121
19821122
19821123
19821124
19821125
19821126
19821127
19821128
19821129
19821130
1982119
198212
19821201
19821202
19821203
19821204
19821205
19821206
19821207
19821208
19821209
1982121
19821210
19821211
19821212
19821213
19821214
19821215
19821216
19821217
19821218
19821219
19821220
19821221
19821222
19821223
19821224
19821225
19821226
19821227
19821228
19821229
1982123
19821230
19821231
198213
198214
198215
198216
198217
198218
198219
19821982
198221
198222
198223
198224
198225
198226
198227
198228
198229
198231
198232
198233
198234
198235
198236
198237
198238
198241
198242
198243
198244
198245
198246
198247
198248
198251
198252
198254
198255
198256
198261
198262
198263
198265
198266
198268
198271
198272
198273
198274
198277
198281
198282
198283
198284
198285
198286
198288
198289
198291
198292
198293
198294
198295
198296
198297
198298
198299
1983
198300
198301
19830101
19830102
19830103
19830104
19830105
19830106
19830107
19830108
19830109
19830110
19830111
19830112
19830113
19830114
19830115
19830116
19830117
19830118
19830119
19830120
19830121
19830122
19830123
19830124
19830125
19830126
19830127
19830128
19830129
19830130
198302
19830201
19830202
19830203
19830204
19830205
19830206
19830207
19830208
19830209
19830210
19830211
19830212
19830213
19830214
19830215
19830216
19830217
19830218
19830219
19830220
19830221
19830222
19830223
19830224
19830225
19830226
19830227
19830228
19830301
19830302
19830303
19830304
19830305
19830306
19830307
19830308
19830309
19830310
19830311
19830312
19830313
19830314
19830315
19830316
19830317
19830318
19830319
19830320
19830321
19830322
19830323
19830324
19830325
19830326
19830327
19830328
19830329
19830330
19830401
19830402
19830403
19830404
19830405
19830406
19830407
19830408
19830409
19830410
19830411
19830412
19830413
19830414
19830415
19830416
19830417
19830418
19830419
19830420
19830421
19830422
19830423
19830425
19830426
19830428
19830429
19830501
19830502
19830503
19830504
19830505
19830506
19830507
19830508
19830509
19830510
19830511
19830512
19830513
19830514
19830515
19830516
19830517
19830518
19830519
19830520
19830521
19830522
19830523
19830524
19830525
19830526
19830527
19830528
19830529
198306
19830601
19830602
19830603
19830604
19830605
19830606
19830607
19830608
19830609
19830610
19830611
19830612
19830613
19830614
19830615
19830616
19830617
19830618
19830619
19830620
19830621
19830622
19830623
19830624
19830625
19830626
19830627
19830628
19830629
19830701
19830702
19830703
19830704
19830707
19830708
19830709
19830710
19830711
19830712
19830713
19830714
19830715
19830716
19830717
19830718
19830719
19830720
19830721
19830722
19830723
19830724
19830725
19830726
19830727
19830728
19830729
198308
19830801
19830802
19830803
19830804
19830805
19830806
19830807
19830808
19830809
19830810
19830811
19830812
19830813
19830814
19830815
19830816
19830817
19830818
19830819
19830820
19830821
19830822
19830823
19830824
19830825
19830826
19830827
19830828
19830829
19830831
198309
19830901
19830902
19830903
19830904
19830905
19830906
19830907
19830908
19830909
19830910
19830911
19830912
19830913
19830914
19830915
19830916
19830917
19830918
19830919
19830920
19830921
19830922
19830923
19830924
19830925
19830926
19830927
19830928
19830929
19830930
198310
19831001
19831002
19831003
19831004
19831005
19831006
19831007
19831008
19831009
19831010
19831011
19831012
19831013
19831014
19831015
19831016
19831017
19831018
19831019
19831020
19831021
19831022
19831023
19831024
19831025
19831026
19831027
19831028
19831029
19831030
19831031
198311
19831101
19831102
19831103
19831104
19831105
19831106
19831107
19831108
19831109
1983111
19831110
19831111
19831112
19831113
19831114
19831115
19831116
19831117
19831118
19831119
19831120
19831121
19831122
19831123
19831124
19831125
19831126
19831127
19831128
19831129
19831130
1983116
1983119
198312
19831201
19831202
19831203
19831204
19831205
19831206
19831207
19831208
19831209
1983121
19831210
19831211
19831212
19831213
19831214
19831215
19831216
19831217
19831218
19831219
19831220
19831221
19831222
19831223
19831224
19831225
19831226
19831227
19831228
19831229
1983123
19831230
19831231
198313
198314
198315
198316
198317
198318
198319
19831983
198321
198322
198323
198324
198325
198326
198327
198328
198329
198331
198332
198333
198338
198341
1983425
198345
198351
198352
1983520
1983528
198355
198356
198361
198362
198366
198371
198372
198377
198381
198382
198383
198384
198385
198386
198388
198391
198392
198393
198394
198396
198398
198399
1984
198400
198401
19840101
19840102
19840103
19840104
19840105
19840106
19840107
19840108
19840109
19840110
19840111
19840112
19840113
19840114
19840115
19840116
19840117
19840118
19840119
19840120
19840121
19840122
19840123
19840124
19840125
19840126
19840127
19840128
19840129
19840130
19840131
198402
19840201
19840202
19840203
19840204
19840205
19840206
19840207
19840208
19840209
19840210
19840211
19840212
19840213
19840214
19840215
19840216
19840217
19840218
19840219
19840220
19840221
19840222
19840223
19840224
19840225
19840226
19840227
19840228
19840229
198403
19840301
19840302
19840303
19840304
19840305
19840306
19840307
19840308
19840309
19840310
19840311
19840312
19840313
19840314
19840315
19840316
19840317
19840318
19840319
19840320
19840321
19840322
19840323
19840324
19840325
19840326
19840327
19840328
19840329
19840401
19840403
19840404
19840405
19840406
19840407
19840408
19840409
19840410
19840411
19840412
19840413
19840414
19840415
19840416
19840417
19840418
19840419
19840420
19840421
19840422
19840424
19840425
19840426
19840427
19840428
19840429
19840430
19840501
19840502
19840503
19840504
19840505
19840506
19840508
19840510
19840511
19840512
19840513
19840514
19840515
19840516
19840517
19840518
19840519
19840520
19840521
19840522
19840523
19840524
19840525
19840526
19840527
19840528
19840529
198406
19840601
19840602
19840604
19840605
19840606
19840607
19840608
19840609
19840610
19840611
19840612
19840613
19840614
19840615
19840616
19840617
19840618
19840619
19840620
19840621
19840622
19840623
19840624
19840625
19840626
19840627
19840628
19840629
198407
19840701
19840702
19840703
19840704
19840705
19840706
19840707
19840708
19840709
19840710
19840711
19840712
19840713
19840714
19840715
19840716
19840717
19840718
19840719
19840720
19840721
19840722
19840723
19840724
19840725
19840726
19840728
19840729
19840730
198408
19840801
19840802
19840803
19840804
19840805
19840806
19840807
19840808
19840809
19840810
19840811
19840812
19840813
19840814
19840815
19840816
19840817
19840818
19840819
19840820
19840821
19840822
19840823
19840824
19840825
19840826
19840827
19840828
19840829
198409
19840901
19840902
19840903
19840904
19840905
19840906
19840907
19840908
19840909
19840910
19840911
19840912
19840913
19840914
19840915
19840916
19840917
19840918
19840919
19840920
19840921
19840922
19840923
19840924
19840925
19840926
19840927
19840928
19840929
19840930
198410
19841001
19841002
19841003
19841004
19841005
19841006
19841007
19841008
19841009
19841010
19841011
19841012
19841013
19841014
19841015
19841016
19841017
19841018
19841019
19841020
19841021
19841022
19841023
19841024
19841025
19841026
19841027
19841028
19841029
19841030
19841031
198411
19841101
19841102
19841103
19841104
19841105
19841106
19841107
19841108
19841109
1984111
19841110
19841111
19841112
19841113
19841114
19841115
19841116
19841117
19841118
19841119
19841120
19841121
19841122
19841123
19841124
19841125
19841126
19841127
19841128
19841129
19841130
1984116
1984119
198412
19841201
19841202
19841203
19841204
19841205
19841206
19841207
19841208
19841209
1984121
19841210
19841211
19841212
19841213
19841214
19841215
19841216
19841217
19841218
19841219
19841220
19841221
19841222
19841223
19841224
19841225
19841226
19841227
19841228
19841229
1984123
19841230
19841231
198413
198414
198415
198416
198417
198418
198419
19841984
198421
198422
198423
198424
198425
198426
198427
198428
198429
198431
198432
1984327
198433
198435
198438
198448
198451
198452
1984520
198454
198455
198456
198461
198462
198466
198471
198472
198474
198477
198481
198482
198484
198485
198486
198487
198488
198491
198492
1984920
1984921
1984929
198495
198498
198499
1985
198500
198501
19850101
19850102
19850103
19850104
19850105
19850106
19850107
19850108
19850109
19850110
19850111
19850112
19850113
19850114
19850115
19850116
19850117
19850118
19850119
19850120
19850121
19850122
19850123
19850124
19850125
19850126
19850127
19850128
19850129
198502
19850201
19850202
19850203
19850204
19850205
19850206
19850207
19850208
19850209
19850210
19850211
19850212
19850213
19850214
19850215
19850216
19850217
19850218
19850219
19850220
19850221
19850222
19850223
19850224
19850225
19850226
19850227
19850228
19850301
19850302
19850303
19850304
19850305
19850306
19850307
19850308
19850309
19850310
19850311
19850312
19850313
19850314
19850315
19850316
19850317
19850318
19850319
19850320
19850321
19850322
19850323
19850324
19850325
19850326
19850327
19850328
19850329
19850330
19850401
19850402
19850403
19850405
19850406
19850408
19850409
19850410
19850411
19850412
19850414
19850415
19850416
19850417
19850418
19850419
19850420
19850421
19850422
19850423
19850424
19850425
19850426
19850427
19850428
19850429
198505
19850501
19850502
19850503
19850504
19850505
19850506
19850508
19850509
19850510
19850512
19850513
19850514
19850515
19850517
19850518
19850519
19850520
19850521
19850522
19850523
19850524
19850525
19850526
19850527
19850528
19850529
19850530
198506
19850601
19850602
19850603
19850605
19850606
19850607
19850608
19850609
19850610
19850611
19850612
19850613
19850614
19850615
19850616
19850617
19850618
19850619
19850620
19850621
19850622
19850623
19850624
19850625
19850626
19850627
19850628
19850629
19850701
19850702
19850703
19850704
19850705
19850706
19850707
19850708
19850709
19850710
19850711
19850712
19850713
19850714
19850715
19850716
19850717
19850718
19850719
19850720
19850721
19850722
19850723
19850724
19850725
19850726
19850727
19850728
19850729
19850730
198508
19850801
19850802
19850803
19850804
19850805
19850806
19850807
19850808
19850809
19850810
19850811
19850812
19850813
19850814
19850815
19850816
19850817
19850818
19850819
19850820
19850821
19850822
19850823
19850824
19850825
19850826
19850827
19850828
19850829
198509
19850901
19850902
19850903
19850904
19850905
19850906
19850907
19850908
19850909
19850910
19850911
19850912
19850913
19850914
19850915
19850916
19850917
19850918
19850919
19850920
19850921
19850922
19850923
19850924
19850925
19850926
19850927
19850928
19850929
198510
19851001
19851002
19851003
19851004
19851005
19851006
19851007
19851008
19851009
19851010
19851011
19851012
19851013
19851014
19851015
19851016
19851017
19851018
19851019
19851020
19851021
19851022
19851023
19851024
19851025
19851026
19851027
19851028
19851029
19851030
19851031
198511
19851101
19851102
19851103
19851104
19851105
19851106
19851107
19851108
19851109
1985111
19851110
19851111
19851112
19851113
19851114
19851115
19851116
19851117
19851118
19851119
19851120
19851121
19851122
19851123
19851124
19851125
19851126
19851127
19851128
19851129
19851130
1985115
1985117
1985119
198512
19851201
19851202
19851203
19851204
19851205
19851206
19851207
19851208
19851209
1985121
19851210
19851211
19851212
19851213
19851214
19851215
19851216
19851217
19851218
19851219
1985122
19851220
19851221
19851222
19851223
19851224
19851225
19851226
19851227
19851228
19851229
1985123
19851230
19851231
1985125
198513
198514
198515
198516
198517
198518
198519
19851985
198520
198521
198522
198523
198524
198525
198526
198527
198528
198529
198531
1985314
1985315
198532
198533
198536
198541
1985414
198542
198551
1985520
198555
198558
198561
198562
198564
198566
198567
198568
198571
198572
1985720123
198574
198577
198578
198581
1985810
1985815
198582
198585
198586
198587
198588
198591
198592
1985921
198595
198596
198597
198598
198599
1986
198600
198601
19860101
19860102
19860103
19860104
19860105
19860106
19860107
19860108
19860109
19860110
19860111
19860112
19860113
19860114
19860115
19860116
19860117
19860118
19860119
19860120
19860121
19860122
19860123
19860124
19860125
19860126
19860127
19860128
19860129
19860130
198602
19860201
19860202
19860203
19860204
19860205
19860206
19860207
19860208
19860209
19860210
19860211
19860212
19860213
19860214
19860215
19860216
19860217
19860218
19860219
19860220
19860221
19860222
19860223
19860224
19860225
19860226
19860227
19860228
198603
19860301
19860302
19860303
19860304
19860305
19860306
19860307
19860308
19860309
19860310
19860311
19860312
19860313
19860314
19860315
19860316
19860317
19860318
19860319
19860320
19860321
19860322
19860323
19860324
19860325
19860326
19860327
19860328
19860329
19860330
19860401
19860402
19860403
19860404
19860405
19860406
19860407
19860408
19860409
19860410
19860411
19860412
19860413
19860414
19860415
19860416
19860417
19860418
19860419
19860420
19860421
19860422
19860423
19860424
19860425
19860426
19860427
19860428
19860429
19860501
19860503
19860504
19860505
19860506
19860507
19860508
19860509
19860510
19860511
19860512
19860513
19860514
19860515
19860516
19860517
19860518
19860519
19860520
19860521
19860522
19860523
19860524
19860525
19860526
19860527
19860528
19860529
19860530
198606
19860601
19860602
19860603
19860604
19860605
19860606
19860607
19860608
19860609
19860610
19860611
19860612
19860613
19860614
19860615
19860616
19860617
19860618
19860619
19860620
19860621
19860622
19860623
19860624
19860625
19860626
19860627
19860628
19860629
19860630
19860701
19860702
19860703
19860704
19860705
19860706
19860707
19860708
19860709
19860710
19860711
19860712
19860713
19860714
19860715
19860716
19860717
19860718
19860719
19860720
19860721
19860722
19860723
19860724
19860725
19860726
19860727
19860728
19860729
198608
19860801
19860802
19860803
19860804
19860805
19860806
19860807
19860808
19860809
19860810
19860811
19860812
19860813
19860814
19860815
19860816
19860817
19860818
19860819
19860820
19860821
19860822
19860823
19860824
19860825
19860826
19860827
19860828
19860829
19860830
198609
19860901
19860902
19860903
19860904
19860905
19860906
19860907
19860908
19860909
19860910
19860911
19860912
19860913
19860914
19860915
19860916
19860917
19860918
19860919
19860920
19860921
19860922
19860923
19860924
19860925
19860926
19860927
19860928
19860929
198610
19861001
19861002
19861003
19861004
19861005
19861006
19861007
19861008
19861009
1986101
19861010
19861011
19861012
19861013
19861014
19861015
19861016
19861017
19861018
19861019
19861020
19861021
19861022
19861023
19861024
19861025
19861026
19861027
19861028
19861029
19861030
19861031
198611
19861101
19861102
19861103
19861104
19861105
19861106
19861107
19861108
19861109
1986111
19861110
19861111
19861112
19861113
19861114
19861115
19861116
19861117
19861118
19861119
1986112
19861120
19861121
19861122
19861123
19861124
19861125
19861126
19861127
19861128
19861129
1986113
19861130
1986114
1986115
1986116
1986117
1986118
1986119
198612
19861201
19861202
19861203
19861204
19861205
19861206
19861207
19861208
19861209
1986121
19861210
19861211
19861212
19861213
19861214
19861215
19861216
19861217
19861218
19861219
19861220
19861221
19861222
19861223
19861224
19861225
19861226
19861227
19861228
19861229
1986123
19861230
19861231
1986126
198613
198614
198615
198616
198617
198618
198619
19861986
198621
1986212
1986214
198622
198623
198624
198625
198626
198627
198628
198629
198631
198632
198633
198635
198637
198638
198639
198641
198642
198644
198645
198649
198651
198652
1986520
1986521
198653
198654
198655
198656
198661
198663
198666
198668
198671
198672
198677
198678
198681
1986816
1986818
198682
198683
198684
198685
198686
198687
198688
198689
198691
1986911
1986918
198692
1986923
1986926
198693
198694
198695
198696
198697
198698
198699
1987
198700
198701
19870101
19870102
19870103
19870104
19870105
19870106
19870107
19870108
19870109
19870110
19870111
19870112
19870113
19870114
19870115
19870116
19870117
19870118
19870119
19870120
19870121
19870122
19870123
19870124
19870125
19870126
19870127
19870128
19870129
19870130
19870131
198702
19870201
19870202
19870203
19870204
19870205
19870206
19870207
19870208
19870209
19870210
19870211
19870212
19870213
19870214
19870215
19870216
19870217
19870218
19870219
19870220
19870221
19870222
19870223
19870224
19870225
19870226
19870227
19870228
19870301
19870302
19870303
19870304
19870305
19870306
19870307
19870308
19870309
19870310
19870311
19870312
19870313
19870314
19870315
19870316
19870317
19870318
19870319
19870320
19870321
19870322
19870323
19870324
19870325
19870326
19870327
19870328
19870329
19870330
19870401
19870402
19870404
19870405
19870406
19870408
19870410
19870411
19870412
19870413
19870414
19870415
19870416
19870417
19870418
19870419
19870420
19870421
19870422
19870423
19870424
19870425
19870426
19870427
19870428
19870429
19870501
19870502
19870503
19870504
19870505
19870506
19870507
19870508
19870509
19870510
19870511
19870512
19870513
19870515
19870516
19870517
19870518
19870519
19870520
19870521
19870522
19870523
19870524
19870525
19870526
19870527
19870528
19870529
19870530
198706
19870601
19870602
19870603
19870604
19870605
19870606
19870607
19870608
19870609
19870610
19870611
19870612
19870613
19870614
19870615
19870616
19870617
19870618
19870619
19870620
19870621
19870622
19870623
19870624
19870625
19870626
19870627
19870628
19870629
19870630
198707
19870701
19870702
19870703
19870704
19870705
19870706
19870707
19870708
19870709
19870710
19870711
19870712
19870713
19870714
19870715
19870716
19870717
19870718
19870719
19870720
19870721
19870722
19870723
19870724
19870725
19870726
19870727
19870728
19870729
198708
19870801
19870802
19870803
19870804
19870805
19870806
19870807
19870808
19870809
19870810
19870811
19870812
19870813
19870814
19870815
19870816
19870817
19870818
19870819
19870820
19870821
19870822
19870823
19870824
19870825
19870826
19870827
19870828
19870829
19870830
198709
19870901
19870902
19870903
19870904
19870905
19870906
19870907
19870908
19870909
19870910
19870911
19870912
19870913
19870914
19870915
19870916
19870917
19870918
19870919
19870920
19870921
19870922
19870923
19870924
19870925
19870926
19870927
19870928
19870929
198710
19871001
19871002
19871003
19871004
19871005
19871006
19871007
19871008
19871009
19871010
19871011
19871012
19871013
19871014
19871015
19871016
19871017
19871018
19871019
19871020
19871021
19871022
19871023
19871024
19871025
19871026
19871027
19871028
19871029
19871030
19871031
198711
19871101
19871102
19871103
19871104
19871105
19871106
19871107
19871108
19871109
1987111
19871110
19871111
19871112
19871113
19871114
19871115
19871116
19871117
19871118
19871119
1987112
19871120
19871121
19871122
19871123
19871124
19871125
19871126
19871127
19871128
19871129
1987113
19871130
1987114
1987117
1987119
198712
19871201
19871202
19871203
19871204
19871205
19871206
19871207
19871208
19871209
1987121
19871210
19871211
19871212
19871213
19871214
19871215
19871216
19871217
19871218
19871219
19871220
19871221
19871222
19871223
19871224
19871225
19871226
19871227
19871228
19871229
1987123
19871230
19871231
1987127
1987129
198713
198714
198715
198716
198717
198718
198719
19871987
198721
198722
198723
198724
198725
198726
198727
198728
198729
198732
198733
198735
198741
198746
198751
1987520
198754
198755
198756
198761
1987613
1987615
198762
1987621
1987627
198763
198764
198765
198766
198768
198771
1987726
198777
198778
198781
1987813
1987815
198782
1987825
1987828
198785
198786
198787
198788
198791
1987911
198792
198796
198798
198799
1988
198801
19880101
19880102
19880103
19880104
19880105
19880106
19880107
19880108
19880109
19880110
19880112
19880114
19880115
19880116
19880118
19880119
19880120
19880121
19880122
19880123
19880124
19880125
19880126
19880127
19880128
19880129
19880201
19880202
19880203
19880204
19880205
19880206
19880207
19880208
19880209
19880210
19880211
19880212
19880213
19880214
19880215
19880216
19880217
19880218
19880219
19880220
19880221
19880223
19880224
19880226
19880228
19880229
19880301
19880302
19880303
19880304
19880305
19880306
19880307
19880308
19880309
19880310
19880311
19880312
19880313
19880314
19880315
19880318
19880320
19880321
19880322
19880324
19880325
19880326
19880327
19880401
19880402
19880410
19880412
19880415
19880418
19880419
19880420
19880421
19880423
19880428
19880501
19880502
19880504
19880505
19880506
19880508
19880509
19880510
19880512
19880520
19880521
19880523
19880525
19880529
19880601
19880605
19880606
19880607
19880608
19880609
19880610
19880611
19880612
19880614
19880615
19880616
19880618
19880620
19880621
19880622
19880623
19880624
19880625
19880628
19880701
19880707
19880709
19880711
19880712
19880715
19880720
19880721
19880722
19880723
19880724
19880728
19880801
19880802
19880805
19880806
19880808
19880809
19880810
19880811
19880812
19880813
19880814
19880815
19880816
19880817
19880818
19880819
19880820
19880821
19880822
19880824
19880825
19880826
19880828
19880829
19880901
19880902
19880903
19880906
19880908
19880909
19880910
19880911
19880912
19880914
19880915
19880916
19880917
19880918
19880919
19880920
19880921
19880922
19880923
19880924
19880925
19880926
19880927
19880928
19880929
198810
19881001
19881002
19881003
19881004
19881005
19881006
19881007
19881008
19881009
19881010
19881011
19881012
19881013
19881014
19881015
19881016
19881017
19881018
19881019
19881020
19881021
19881022
19881023
19881024
19881025
19881026
19881027
19881028
19881029
19881030
19881031
198811
19881101
19881102
19881103
19881104
19881105
19881106
19881107
19881108
19881109
19881110
19881111
19881112
19881113
19881114
19881115
19881116
19881117
19881118
19881119
19881120
19881121
19881122
19881123
19881124
19881125
19881126
19881127
19881128
19881129
19881130
1988118
198812
19881201
19881202
19881203
19881204
19881205
19881206
19881207
19881208
19881209
1988121
19881210
19881211
19881212
19881213
19881214
19881215
19881216
19881217
19881218
19881219
19881220
19881221
19881222
19881223
19881224
19881225
19881226
19881227
19881228
19881229
1988123
19881230
19881231
198818
19881988
198821
198822
198823
198825
19883075
1988520
198866
198877
198888
198891
1988925
198899
19890101
19890102
19890103
19890104
19890106
19890107
19890110
19890120
19890122
19890124
19890125
19890127
19890201
19890202
19890203
19890204
19890205
19890206
19890208
19890209
19890211
19890212
19890213
19890214
19890215
19890216
19890218
19890219
19890220
19890228
19890303
19890304
19890305
19890306
19890309
19890310
19890311
19890312
19890314
19890316
19890405
19890419
19890516
19890526
19890601
19890604
19890806
19890815
19890818
19890823
19890909
19890910
19890918
19890920
19890923
19890929
198910
19891001
19891002
19891003
19891004
19891005
19891006
19891007
19891010
19891011
19891012
19891013
19891014
19891015
19891016
19891017
19891018
19891019
19891020
19891021
19891022
19891023
19891024
19891025
19891026
19891027
19891028
19891029
19891030
19891031
198911
19891101
19891102
19891103
19891104
19891105
19891106
19891107
19891108
19891109
19891110
19891111
19891112
19891113
19891114
19891115
19891116
19891117
19891118
19891119
19891120
19891121
19891122
19891123
19891124
19891125
19891126
19891127
19891128
19891129
19891130
198912
19891201
19891202
19891205
19891206
19891207
19891208
19891210
19891211
19891212
19891213
19891214
19891215
19891216
19891217
19891218
19891219
19891220
19891221
19891222
19891223
19891224
19891225
19891226
19891227
19891228
19891229
19891230
19891231
198919
19891989
1989520
1989629
198964
19900101
19900305
19901010
19901024
19901025
199012
1990121
1990722
1991715
1992724
19960309
19961106
19970701
199771
19981219
19981998
199862
19991226
19991999
199999
1a2b3c
1a2b3c4d
1A2B3C4D
1a2b3c4d5e
1a2s3d
1a2s3d4f
1p2o3i
1q1q1q
1q1q1q1q
1q2w3e
1q2w3e4r
1Q2W3E4R
1q2w3e4r5t
1q2w3e4r5t6y
1qa2ws
1qa2ws3ed
1qaz
1qaz1qaz
1qaz2wsx
1QAZ2WSX
1qaz2wsx3edc
1qaz@WSX
1qazxsw2
1qazzaq1
1qw23e
1qwerty
1sanjose
2
2000
200000
20000000
200011
20002000
200100
20010911
200111
20012001
2001911
200200
200211
200212
20022002
200300
20032003
200401265
200404100828
200411
20041205
20042004
20042008
20050101
20050403
200511
20052005
20060101
200611
20062006
20070101
20072007
2008
200800
20080101
20080512
200808
20080808
2008080808
200810
200811
2008110110
200812
20081234
20082008
200820082
20082009
2008808
200880800
200888
20090101
20090217
20090605
200909
20090909
20092009
20092010
2010000
20100101
20102010
201201
2012comeer
201314
201314201314
202020
20202020
202202
203203
203344
20462046
206206
208208
208884
209345743
21
210046yyj
210210
210316
2112
211211
21122112
211314
212121
21212121
212212
213213
213344
213456
21345678
2136446
214214
214365
21461562
215215
216216
2171204
217217
218218
21876346a
219219
21981080
2199127551
21AINIYAN
22
220041229
220220
221015
221221
222
222000
222111
2222
22222
222221
222222
2222222
22222222
222222222
2222222222
22223333
222333
222555
222666
222888
2228983735
2230497
223068
223223
223300
223322
223344
22334455
223366
223456
224466
22446688
225225
225588
2260841
226226
226227
226688
228228
23
2305021981
231231
232323
23232323
232425
233391
233689
234234
23452345
234561
234567
2345678
23456789
235235
235689
235711
2359863
242424
242526
24367826
244891gz
246437
24669988
246800
246810
24682468
2470555
250250
250250250
251314
251413
252039
252321
25251325
252525
25252525
2525775
25257758
256256
256879
257758
258000
25802580
258147
2582525775
258258
258258258
2582587758
258369
258369147
258456
258758
2587758
258852
258963
25897758
259421
259695
259758
259775
2597758
260916513
262626
262728
26511314
269961902
-269961902
27105821
271314
271828
272727
282209662
282828
2832752
283431148
286044
2864760
28yxqqvNGA
28yxqqvPGA
28zxrpuNFA
28zxrpvNFA
292929
2958369
299792458
29yxqqvPGB
2m66xF2AJT
2n66xF2zIU
2n66xF2zJT
2n66xG2zIU
2n76xG2yIU
2p76xG2yHV
2p76xH2xHV
2p76xH2yHV
2p77xH2xGV
2p77xH3xGW
2p87xH3xGW
2q87xH3wGW
2q87xI3vFX
2q87xI3wFW
2q87xI3wFX
2q87xI3wGW
2r97xJ3xEX
2r97xJ3xEY
2r98xJ3xDY
2r98xJ3xEY
2welcome
2wsx
3
300300
300400
301301
301415
301415926
302010
302302
303030
303303
305305
30624700
306306
30728755
308308
308333
309309
310310
311311
312312
312663580s
313131
313313
3.1415
314159
3.14159
31415926
3.1415926
314159265
3141592653
3.141592653
31415926535
3141592654
31415927
314314
314485995
31496081
315315
315315315
3155530
316225
316316
317317
318318
319319
320320
321
321000
32103210
321102
321123
3211862
321321
321321321
321456
321654
321654987
322322
3224445
323232
32323232
323323
324324
325325
326326
327327
328328
329329
329800
33
330302
330330
33033501
330822
331234
331303319
331331
332211
3322110
33223322
332335
333
333000
333111
333221
333222
3333
33333
333333
3333333
33333333
333333333
3333333333
333444
333520
333555
333666
333666999
333777
333888
333888asd
333999
334205265
3344179
334420
334421
3344520
3344521
334455
33445566
33455432
3353212li
336688
336699
3366994qaz
3371333mm
338000
3386139
3396815
3429795
343434
34416912
3452510
345345
345678
3456789
353535
3541012
354862
357159
357951
360
360025
360sb
362514
3629010
363636
36363636
36388490
3651118xun
365365
365413
36633663
369
369147
369258
369258147
369369
369369369
369852
369852147
369874125
369958
369963
372100
37213721
37214728
373737
375044
376186027
38183818
383838
3838438
3879412
3924768510
393041123
39326650
393939
39wxnrwQHC
39wxnrxQHC
39xxnrwQHC
39xxpqwPGB
39xxpqwQHB
39xxprwQHC
39yxpqwPGB
39yxqqvPGB
3est
3s98xK4xDY
3s98xK4xDZ
3sa8xK42CZ
3sa8xK4xCZ
3sa8xK4xDZ
3sa8xL42CJ
3sa8xL42CZ
3ta8xL42BJ
3ta8xL42CJ
3tb8xL42BJ
3tb8xL42xJ
3tb8xM42xI
3tb9xM42xI
3ub9xM52xI
3ub9xM53xI
3uc9xN53xH
3vc9xN53xG
3vc9xN53xH
3vc9xP532G
4
410410
41109537
411411
411872726
412412
4128
413026
413413
415263
415415
416143479
416416
417417
417zhu716
4180603
4181639
418418
419419
419516
419696
420420
421421
423423
424242
426426
427842
430924
43147100
4321
43420024
44332211
444
4444
44444
444444
4444444
44444444
4444444444
444555
444777
444888
445566
44556677
448941
4501031984
45189946
453647598
454545
45454545
456
456123
4561230
45612300
456123789
456258
456321
456456
456456456
456654
456789
456789123
456852
456852456852
456987
45874587
4624312
463395727
464646
46709394
4686186556
476730751
479133
4816535
4832514
484848
485112
491001
4avxksySJD
4avxmrxRID
4avxmsxRID
4avxmsyRID
4awxmrxRIC
4awxnrxQHC
4awxnrxRIC
4lert
4ngel
4runner
4vdaxP542G
4wdaxP642F
4wdaxQ642F
4weaxQ642E
4xeaxQ642E
4xeaxR643E
4xeaxR653E
4xebxR653D
4xfbxR653D
4yfb2S753C
4yfb2S753D
5
500500
501501
502502
503503
505050
505505
506125860
50614025
50768090
5100
510510
510520
511314
511511
51166701
511688
51201314
51211314
5121314
512512
5131420
5131421
513513
514007
514514
5150
515151
51515151
515253
515515
5155239
516516
516518
516688
516888
517517
518000
518168
518518
518518518
518598
51879321
51885188
518888
518918
518951
519519
520
520000
52001314
520025
5200251314
52005200
520090025hgb
520110
520111
520119
520123
52013
520131
5201314
5201314.
52013140
520131400
52013141
5201314123
52013141314
52013144
52013145
5201314520
52013145201314
5201314a
5201314qq
520134
520152
520168
520184
520240
520258
520333
5203344
520510
520520
5205201314
520520520
520521
520530
520777
520888
520911
520999
520fagnsg
520hack
521
521000
52101314
52105210
521111
521123
521125
5211258
5211314
5211314521
52113145211314
5211314w
521224727
521241
521314
5213344
521369852
521520
521521
521521521
521531
521888
521999
522008
522522
523
52331314
52335233
523523
5236309
524524
5251314
5252
525252
525525
52571314
525jia
5261314
526526
5271314
527527
52771314
527725
528100
528528
5289027
529529
529634
530520
530530
531531
53231323
533298645
535039
535353
535897
54125412
541788
54181452
54188
541881452
5418854188
541888
54321
543210
543216
544257999
545454
546546546
55
551648586
552200
552211
552233
555
555111
555444
5555
55555
555555
5555555
55555555
555555555
5555555555
555556
55556666
55558888
555666
555888
555999
55621162
5566
556600
55665566
556677
55667788
556688
556688op
55long
560111aa
5618274
562059487
564335
5649335
565656
56565656
565758
5657822
567567
56785678
567890
5683
568568
56k
572200
574712
5757124
575757
579395571
5841314
584131420
584131421
5841314520
5841314521
584201314
584211314
584334421
5845131421
584520
5845201314
584521
5845211314
5845213344
585858
58585858
586586
588588
59
5909062xzx
59188035
594007
594188
594232
595959
5Agc2U864A
5Ahc2U874A
5Ahc2U875A
5Ahc2V875z
5auxksySJD
5Bhc2V875z
5Bid2V875z
5Bid2W875y
5Bid2W885y
5bt2itzTKE
5bt2jtzTKE
5bu2jsySJE
5buxksySJD
5buxksySJE
5y55yu
5yfb2T764C
5zgb2T764B
5zgb2T764C
5zgc2T764B
5zgc2U764B
6
600118
600600
601601
60200946
602602
603603
604604
606060
60729043
610610
611611
612345
612612
613613
615615
616161
616616
617617
618618
618961
619619
6198198
620620
621621
622622
623623
6237141963
624624
625625
626262
626626
628628
630158513
630630
63256632
633887
634142554
635241
63529993
636363
646464
64758976
650829yjm
6512212
654123
654312
654321
6543210
65432100
654321654321
654321a
654321ABC
654654
654789
654987
656565
6584609
65899916
660561398
663333
663621
6652264
665544
666
666000
666111
666333
666555
6666
66666
666666
6666666
66666666
666666666
6666666666
66668888
666777
666888
666888999
666999
666aaa777bbb
667788
66778899
668668
668866
66886688
668899
676767
678678
678910
68587114
686868
68686868
686991
688496
688688
689689
690056707
691212
69191217
6969
696969
69696969
6Bid2W985y
6bs2itzUKF
6bt2itzTKE
6Cid2W985y
6cr2huAULF
6cr2huAVLG
6cs2huAULF
6cs2itAULF
6Cxd2W986x
6Cxd2W986y
6Cxd2X986x
6Dxd2X986x
6Dxe2X996w
6Dxe2Y996w
6Dxe3Y996w
6Dxe3Ya96w
6Dxe3Ya97v
6Exe3Ya97v
6Exe3Za97v
6utyu6
700209
700629gh
700700
701840865
70701111
707070
707707
709394
709909
710710
711711
712712
71310615
713713
7138505
715715
717171
718718
71926164
7195397
720520
720720
720815
7211042
721521
7215217758991
721721
725725
727272
727727
728728
730312
731025
731026
731028
731731
731801
733733
734992
737373
74004186
740118
741000
741010
741013
741015
741018
741020
741023
741024
741025
741028
74107410
7410852
74108520
7410852963
741111
741120
741123
741130
741212
741225
741230
7412369
74123698
741236985
741258
741258963
7415963
741741
741741741
741852
741852963
7418529630
741963
741jin
74511940
7451321
745839
74651175
747474
748596
748748
749749
750929
751001
751010
751011
751015
751016
751018
751020
751022
751023
751024
751025
751026
751028
751108
751109
751111
751112
751115
751116
751118
751120
751121
751122
751123
751125
751126
751128
751129
751206
751208
751209
751210
751211
751212
751213
751215
751216
751218
751220
751225
751226
751230
753159
753951
7539510
757575
758258
758521
760315
760517
760618
760815
760825
760909
761001
761010
761012
761013
761015
761016
761018
761020
761021
761022
761023
761024
761025
761026
761027
761028
761029
761030
761102
761103
761105
761108
761110
761112
761115
761116
761118
761120
761121
761122
761123
761124
761125
761126
761127
761128
761129
761202
761203
761204
761205
761206
761208
761209
761210
761211
761212
761213
761214
761215
761216
761218
761220
761221
761222
761223
761224
761225
761226
761228
761230
7654321
76543210
767676
768594
76867686
769394
770101
770110
770214
770423
770513
770518
770520
770525
770618
770707
770815
770820
770880
7708801314520
770918
770921
770923
770924
771001
771002
771003
771005
771006
771007
771008
771010
771011
771012
771013
771014
771015
771016
771017
771018
771019
771020
771021
771022
771023
771024
771025
771026
771027
771028
771029
771030
771101
771102
771103
771104
771105
771106
771107
771108
771109
771110
771111
771112
771113
771114
771115
771116
771117
771118
771119
771120
771121
771122
771123
771124
771125
771126
771127
771128
771129
771130
771201
771202
771203
771204
771205
771206
771207
771208
771209
771210
771211
771212
771213
771214
771215
771216
771217
771218
771219
771220
771221
771222
771223
771224
771225
771226
771227
771228
771229
771230
771231
771314200
77419743
774277
774411
774517397
775521
7758258
7758258258
77582588
775852
7758520
7758521
77585210
775852100
77585211
7758521123
77585211314
7758521520
7758521521
77585217758521
7758521a
77587758
775885
7758991
777
7777
77777
777777
777777~
7777777
77777777
777777777
7777777777
77778888
777888
777888999
777999
7788250
7788251
7788414
7788520
7788521
77887788
7788945
778899
77889900
780101
780102
780110
780115
780120
780122
780123
780124
780125
780126
780128
780202
780205
780206
780210
780211
780212
780213
780214
780215
780216
780217
780218
780228
780303
780311
780312
780315
780316
780318
780323
780405
780412
780415
780428
780504
780505
780510
780512
780513
780514
780518
780520
780521
780525
780528
780611
780613
780615
780616
780618
780619
780620
780621
780622
780623
780625
780626
780628
780629
780723
780808
780812
780813
780815
780816
780818
780820
780823
780825
780826
780828
780906
780909
780910
780911
780912
780913
780915
780916
780918
780921
780922
780923
780924
780925
780926
780927
780928
780929
781001
781002
781003
781004
781005
781006
781007
781008
781009
781010
781011
781012
781013
781014
781015
781016
781017
781018
781019
781020
781021
781022
781023
781024
781025
781026
781027
781028
781029
781030
781031
781101
781102
781103
781104
781105
781106
781107
781108
781109
781110
781111
781112
781113
781114
781115
781116
781117
781118
781119
781120
781121
781122
781123
781124
781125
781126
781127
781128
781129
781130
781201
781202
781203
781204
781205
781206
781207
781208
781209
781210
781211
781212
781213
781214
781215
781216
781217
781218
781219
781220
781221
781222
781223
781224
781225
781226
781227
781228
781229
781230
781231
784512
784533
786786
7878778
787878
78787878
789
789000
789123
789123456
789456
78945612
789456123
7894561230
7894562
7895123
789520
789523
7896321
78963214
789632145
7896363
78963wa
789654
789654123
789654321
789789
789789789
789852
789987
790101
790102
790103
790108
790110
790111
790113
790115
790116
790118
790119
790120
790121
790123
790124
790125
790126
790127
790128
790129
790202
790203
790205
790208
790210
790211
790212
790213
790214
790215
790216
790217
790218
790219
790220
790221
790226
790228
790308
790310
790311
790312
790314
790315
790316
790318
790320
790321
790322
790323
790324
790326
790327
790328
790329
790412
790418
790426
790429
790510
790512
790513
790521
790523
790524
790528
790529
790601
790603
790605
790606
790608
790610
790611
790612
790613
790614
790615
790616
790617
790618
790619
790620
790621
790622
790623
790624
790625
790626
790627
790628
790629
790630
790712
790715
790716
790721
790723
790724
790726
790728
790729
790801
790802
790806
790808
790810
790811
790812
790813
790814
790815
790816
790817
790818
790820
790821
790822
790823
790824
790825
790826
790827
790828
790829
790830
790901
790906
790908
790909
790910
790911
790912
790913
790915
790916
790917
790918
790919
790920
790921
790922
790923
790924
790925
790926
790927
790928
790929
790930
791001
791002
791003
791004
791005
791006
791007
791008
791009
791010
791011
791012
791013
791014
791015
791016
791017
791018
791019
791020
791021
791022
791023
791024
791025
791026
791027
791028
791029
791030
791031
791101
791102
791103
791104
791105
791106
791107
791108
791109
791110
791111
791112
791113
791114
791115
791116
791117
791118
791119
791120
791121
791122
791123
791124
791125
791126
791127
791128
791129
791130
791201
791202
791203
791204
791205
791206
791207
791208
791209
791210
791211
791212
791213
791214
791215
791216
791217
791218
791219
791220
791221
791222
791223
791224
791225
791226
791227
791228
791229
791230
791231
794613
797979
798186
7cq2guBVMG
7cr2guBVMG
7dp2fvCWNH
7dq2fvBWMG
7dq2fvBWMH
7dq2fvBWNH
7dq2gvBVMG
7Exe3Zaa7u
7Fxf3Jaa7u
7Fxf3Jba8t
7Fxf3Zaa7u
7Gxf3Iba8t
7Gxf3Ibb8s
7Gxf3Ibb8t
7xxf3Ibb8s
7xxg3Hbb8s
7xxg3Hbb9r
7xxg3Hcb9r
7xxg3Ibb8s
8
800101
800102
800103
800104
800106
800108
800110
800111
800112
800113
800114
800115
800116
800117
800118
800119
800120
800121
800122
800123
800124
800125
800126
800127
800128
800129
800130
800201
800202
800203
800205
800206
800207
800208
800210
800211
800212
800213
800214
800215
800216
800217
800218
800219
800220
800221
800222
800223
800224
800225
800226
800227
800228
800229
800301
800302
800303
800305
800306
800310
800311
800312
800313
800314
800315
800316
800317
800318
800319
800320
800321
800322
800323
800324
800325
800326
800327
800328
800329
800331
800401
800408
800410
800411
800412
800413
800415
800416
800418
800420
800422
800428
800429
800506
800510
800512
800513
800515
800516
800517
800518
800520
800521
800522
800523
800524
800525
800526
800527
800528
800529
800601
800606
800608
800610
800611
800612
800613
800615
800616
800618
800619
800620
800621
800622
800623
800624
800625
800626
800627
800628
800629
800630
800701
800711
800712
800713
800714
800715
800716
800718
800719
800721
800722
800724
800725
800726
800728
800729
800800
800801
800802
800803
800805
800806
800808
800809
800810
800811
800812
800813
800814
800815
800816
800817
800818
800819
800820
8008208820
800821
800822
800823
800824
800825
800826
800827
800828
800829
800830
800900
800901
800903
800909
800910
800911
800912
800913
800915
800916
800917
800918
800919
800920
800921
800922
800923
800924
800925
800926
800927
800928
800929
800930
801001
801002
801003
801004
801005
801006
801007
801008
801009
801010
801011
801012
801013
801014
801015
801016
801017
801018
801019
801020
801021
801022
801023
801024
801025
801026
801027
801028
801029
801030
801031
801101
801102
801103
801104
801105
801106
801107
801108
801109
801110
801111
801112
801113
801114
801115
801116
801117
801118
801119
801120
801121
801122
801122jun
801123
801124
801125
801126
801127
801128
801129
801130
801201
801202
801203
801204
801205
801206
801207
801208
801209
801210
801211
801212
801213
801214
801215
801216
801217
801218
801219
801220
801221
801222
801223
801224
801225
801226
801227
801228
801229
801230
801231
80238023
80486
808080
80808080
808247
809998
80sec
810101
810102
810105
810109
810110
810113
810114
810115
810116
810117
810118
810119
810120
810121
810123
810124
810125
810126
810127
810128
810129
810202
810203
810204
810205
810206
810207
810208
810210
810211
810212
810213
810214
810215
810216
810217
810218
810219
810220
810221
810222
810223
810224
810225
810228
810302
810303
810306
810310
810311
810312
810314
810315
810316
810317
810318
810319
810320
810321
810323
810324
810325
810326
810328
810329
810410
810412
810414
810415
810416
810418
810420
810421
810423
810424
810425
810426
810428
810429
810501
810505
810506
810509
810510
810512
810513
810515
810516
810517
810518
810519
810520
810521
810522
810523
810524
810525
810526
810527
810528
810529
810601
810605
810606
810609
810610
810611
810612
810613
810614
810615
810616
810617
810618
810619
810620
810621
810622
810623
810624
810625
810626
810627
810628
810629
810707
810710
810711
810712
810714
810715
810716
810718
810720
810721
810722
810723
810724
810725
810726
810728
810729
810801
810803
810808
810809
810810
810811
810812
810813
810814
810815
810816
810817
810818
810819
810820
810821
810822
810823
810824
810825
810826
810827
810828
810829
810830
810901
810902
810903
810905
810906
810907
810909
810910
810911
810912
810913
810914
810915
810916
810917
810918
810919
810920
810921
810922
810923
810924
810925
810926
810927
810928
810929
810930
811001
811002
811003
811004
811005
811006
811007
811008
811009
811010
811011
811012
811013
811014
811015
811016
811017
811018
811019
811020
811021
811022
811023
811024
811025
811026
811027
811028
811029
811030
811031
811101
811102
811103
811104
811105
811106
811107
811108
811109
811110
811111
811112
811113
811114
811115
811116
811117
811118
811119
811120
811121
811122
811123
811124
811125
811126
811127
811128
811129
811130
811201
811202
811203
811204
811205
811206
811207
811208
811209
811210
811211
811212
811213
811214
811215
811216
811217
811218
8112184
811219
811220
811221
811222
811223
811224
811224bai
811225
811226
811227
811228
811229
811230
811231
811811
812812
8130112
813813
815452
815815
81592109
816618
816816
818181
818283
818818
819819
820101
820102
820103
820104
820105
820106
820107
820108
820109
820110
820111
820112
820113
820114
820115
820116
820117
820118
820119
820120
820121
820122
820123
820124
820125
820126
820127
820128
820129
820130
820201
820202
820203
820204
820205
820206
820207
820208
820209
820210
820211
820212
820213
820214
820215
820216
820217
820218
820219
820220
820221
820222
820223
820224
820225
820226
820227
820228
820301
820303
820304
820305
820306
820307
820308
820309
820310
820311
820312
820313
820314
820315
820316
820317
820318
820319
820320
820321
820322
820323
820324
820325
820326
820327
820328
820329
820330
820401
820402
820403
820404
820405
820406
820407
820408
820409
820410
820411
820412
820413
820414
820415
820416
820417
820418
820419
820420
820421
820422
820423
820424
820425
820426
820427
820428
820429
820501
820503
820504
820505
820506
820508
820510
820511
820512
820513
820514
820515
820516
820517
820518
820519
820520
820521
820522
820523
820524
820525
820526
820527
820528
820529
820530
820601
820602
820603
820606
820608
820609
820610
820611
820612
820613
820614
820615
820616
820617
820618
820619
820620
820621
820622
820623
820624
820625
820626
820627
820628
820629
820630
820701
820702
820703
820706
820707
820708
820709
820710
820711
820712
820713
820714
820715
820716
820717
820718
820719
820720
820721
820722
820723
820724
820725
820726
820727
820728
820729
820801
820802
820803
820805
820806
820808
820809
820810
820811
820812
820813
820814
820815
820816
820817
820818
820819
820820
820821
820822
820823
820824
820825
820826
820827
820828
820829
820830
820901
820902
820903
820904
820905
820906
820907
820908
820909
820910
820911
820912
820913
820914
820915
820916
820917
820918
820919
820920
820921
820922
820923
820924
820925
820926
820927
820928
820929
820930
821001
821002
821003
821004
821005
821006
821007
821008
821009
821010
821011
821012
821013
821014
821015
821016
821017
821018
821019
821020
821021
821022
821023
821024
821025
821026
821027
821028
821029
821030
821031
821101
821102
821103
821104
821105
821106
821107
821108
821109
821110
821111
821112
821113
821114
821115
821116
821117
821118
821119
821120
821121
821122
821123
821124
821125
821126
821127
821128
821129
821130
821201
821202
821203
821204
821205
821206
821207
821208
821209
821210
821211
821212
821213
821214
821215
821216
821217
821218
821219
821220
821221
821222
821223
821224
821225
821226
821227
821228
821229
821230
821231
821821
8223373812
823823
825825
826826
828282
828828
8291807
829475
829829
829924
830101
830102
830105
830106
830108
830109
830110
830112
830113
830114
830115
830116
830117
830118
830119
830120
830121
830122
830123
830124
830125
830126
830127
830128
830129
830130
830188
830201
830202
830203
830204
830205
830206
830207
830208
830209
830210
830211
830212
830213
830214
830215
830216
830217
830218
830219
830220
830221
830223
830224
830225
830226
830228
830303
830306
830310
830311
830312
830313
830314
830315
830316
830317
830318
830320
830321
830322
830323
830324
830325
830326
830328
830329
830330
830411
830412
830415
830416
830417
830418
830419
830420
830422
830423
830425
830426
830427
830428
830429
830505
830510
830511
830512
830513
830515
830516
830517
830518
830519
830520
830521
830522
830523
830524
830525
830526
830527
830528
830529
830601
830606
830609
830610
830611
830612
830614
830615
830616
830617
830618
830619
830620
830621
830622
830623
830624
830625
830626
830627
830628
830629
830630
830707
830710
830711
830712
830713
830714
830715
830716
830718
830719
830720
830721
830722
830723
830724
830725
830726
830729
830808
830809
830810
830811
830812
830813
830814
830815
830816
830818
830819
830820
830821
830822
830823
830824
830826
830827
830828
830829
830830
830903
830908
830909
830910
830911
830912
830913
830914
830915
830916
830917
830918
830919
830920
830921
830922
830923
830924
830925
830926
830927
830928
830929
830930
831001
831002
831003
831004
831005
831006
831007
831008
831009
831010
831010qaz
831011
831012
831013
831014
831015
831016
831017
831018
831019
831020
831021
831022
831023
831024
831025
831026
831027
831028
831029
831030
831031
831101
831102
831103
831104
831105
831106
831107
831108
831109
831110
831111
831112
831113
831114
831115
831116
831117
831118
831119
831120
831121
831122
831123
831124
831125
831126
831127
831128
831129
831130
831201
831202
831203
831204
831205
831206
831207
831208
831209
831210
831211
831212
831213
831214
831215
831216
831217
831218
831219
831220
831221
831222
831223
831224
831225
831226
831227
831228
831229
831230
831231
834100
83418341
838383
83869247
840101
840110
840115
840116
840118
840119
840120
840121
840122
840123
840124
840125
840126
840127
840128
840129
840201
840202
840203
840209
840210
840212
840213
840214
840215
840216
840217
840218
840219
840220
840223
840227
840228
840305
840310
840311
840312
840315
840324
840326
840327
840414
840512
840527
840612
840615
840616
840619
840621
840622
840623
840625
840626
840629
840715
840716
840721
840722
840725
840812
840815
840816
840818
840820
840821
840822
840824
840825
840826
840828
840829
840909
840911
840912
840913
840915
840916
840918
840920
840921
840922
840923
840924
840925
840926
840927
840928
840929
841000
841001
841002
841003
841004
841005
841006
841007
841008
841009
841010
841011
841012
841013
841014
841015
841016
841017
841018
841019
841020
841021
841022
841023
841024
841025
841026
841027
841028
841029
841030
841101
841102
841103
841104
841105
841106
841107
841108
841109
841110
841111
841112
841113
841114
841115
841116
841117
841118
841119
841120
841121
841122
841123
841124
841125
841126
841127
841128
841129
841130
841201
841202
841203
841204
841205
841206
841207
841208
841209
841210
841211
841212
841213
841214
841215
841216
841217
841218
841219
841220
841221
841222
841223
841224
841225
841226
841227
841228
841229
841230
841231
84131421
84239382
847381979
848484
84849618
8496856
850101
850102
850103
850106
850110
850113
850115
850116
850117
850118
850119
850120
850122
850123
850124
850125
850126
850127
850128
850210
850211
850212
850213
850214
850215
850216
850217
850218
850219
850220
850221
850225
850228
850302
850310
850312
850315
850316
850320
850321
850324
850326
850405
850411
850419
850421
850510
850514
850515
850520
850525
850612
850615
850618
850623
850711
850724
850726
850810
850815
850816
850820
850823
850825
850826
850827
850828
850910
850911
850913
850914
850916
850920
850921
850922
850923
850924
850925
850926
850927
850928
850929
851001
851002
851003
851004
851005
851006
851007
851008
851009
851010
851011
851012
851013
851014
851015
851016
851017
851018
851019
851020
851021
851022
851023
851024
851025
851026
851027
851028
851029
851030
851101
851102
851103
851104
851105
851106
851107
851108
851109
851110
851111
851112
851113
851114
851115
851116
851117
851118
851119
851120
851121
851122
851123
851124
851125
851126
851127
851128
851129
851130
851201
851202
851203
851204
851205
851206
851207
851208
851209
851210
851211
851212
851213
851214
851215
851216
851217
851218
851219
851220
851221
851222
851223
851224
851225
851226
851227
851228
851229
851230
851231
85208520
852123
852258
852369
852456
852627582
852741
852852
852963
856324
858585
858877108aop
860101
860110
860120
860123
860124
860125
860126
860127
860128
860201
860210
860211
860212
860213
860214
860215
860216
860220
860223
860228
860312
860315
860321
860623
860712
860725
860810
860814
860815
860816
860818
860823
860829
860911
860916
860920
860923
860924
860927
861001
861002
861003
861005
861006
861008
861009
861010
861011
861012
861013
861014
861015
861016
861017
861018
861019
861020
861021
861022
861023
861024
861025
861026
861027
861028
861029
861030
861101
861102
861103
861104
861105
861106
861107
861108
861109
861110
861111
861112
861113
861114
861115
861116
861117
861118
861119
861120
861121
861122
861123
861124
861125
861126
861127
861128
861129
861201
861203
861204
861205
861206
861207
861208
861209
861210
861211
861212
861213
861214
861215
861216
861217
861218
861219
861220
861221
861222
861223
861224
861225
861226
861227
861228
861229
861230
86150825
866888
8675309
868111
868686
86868686
868912
86924950
870101
870120
870124
870125
870129
870214
870215
870305
870504
870509
870611
870612
870615
870621
870622
870623
870625
870629
870824
870908
870911
870923
871010
871011
871012
871013
871014
871015
871016
871017
871018
871019
871020
871021
871022
871023
871024
871025
871026
871027
871028
871029
871030
871102
871116
871120
871121
871122
871123
871124
871125
871126
871128
871210
871211
871212
871213
871215
871216
871218
871220
871224
871225
871226
871228
87156151
8737211
87654321
8765931
8779341w
878787
87909591
88
880125
880210
880214
8802616
8802667
880312
880505
880520
880702
880715
880808
880820
880911424
881001
881007
881010
881011
881012
881013
881014
881015
881016
881017
881018
881019
881020
881021
881022
881023
881024
881025
881026
881027
881028
881029
881116
881117
881120
881121
881122
881123
881124
881125
881126
881128
881129
881206
881210
881211
881212
881213
881214
881215
881216
881217
881218
881219
881220
881224
881225
881226
881228
8812345
8822320
8844147
884813
88488848
885288
8853323
885522
886688
886868
886886
887023857
8874929
88771024
887735688
887766
888
888000
888168
888518
888555
888666
888777
8888
88886666
88888
888888
8888888
88888888
888888888
8888888888
88888888a
888889
88888a
88889999
888999
88982866
889900
8899174
889988
88998899
890419
890890
891023hh
891129aaa
8911852
895623
89823912
898600
898989
89898989
8dp2evCWNH
8dp2evCXNH
8dp2ewCXNH
8dp2fvCWNH
8en2ewCXPI
8en3dwDXPI
8i8i8i
8x2g4Gcc9q
8x2h4Eddan
8x2h4Fccap
8x2h4Fddap
8x2h4Gcc9q
8xxg3Gcc9r
8xxg3Hcb9r
8xxg3Hcc9r
8xxg4Gcc9q
9
900900
90210
902902
909090
90909090
9090980
910910
911
911119
911911
911911911
912401
912912
913913
91482686
915915
916916
917917
918273
918918
919191
919919
92072
920920
921921
922h4Eddan
922i4Ceebk
922i4Ddebm
922i4Deebk
922i4Deebm
922i4Eddan
922j5Befcj
922j5Cefcj
922j5Cefck
9233923
923923
925925
926926
927927
928928
929929
951236
951357
951753
951951
95279527
959595
95to59
962464
96315001
9632147
96321478
963214785
963258
963258741
963369
963500
963741
963852
96385274
963852741
9638527410
963963
963963963
967683579
969696
969798
9701202544
970701
975695
979797
979899
980099
981246
986532
986926
987123
987321
987412365
987456
987456321
98752100
987654
987654123
9876543
98765432
987654321
9876543210
9876543211
98766789zh
987789
987987
987987987
989898
98989898
9898998
99
990708
990828
991024
991218
991220
991231
992309
996633
99819981
998866
998877
99887766
998899
998998
999
999000
999111
999666
999666333
999888
999888777
9999
99990000
99998888
99999
999999
9999999
99999999
999999999
9999999999
9em3dwDYPI
9en3dwDYPI
9YUE27RI
a
a00000
a000000
a0000000
a00000000
a000111
a000999
a11111
a111111
a1111111
a11111111
a111222
a112244
a123123
a123123123
a123321
a12345
a123456
a1234567
A1234567
a12345678
A12345678
a123456789
A123456789
a123456a
a123456b
a123654
a123a123
a1314520
a147258
a147258369
a1955426
a1a1a1a1
a1b2c3
a1b2c3d4
a1b2c3d4e5
A1B2c3d4e5
a1s2d3
a1s2d3f4
A1S2D3F4
a1s2d3f4g5
a22j5Bffci
a22j5Bffcj
a33j5Afgci
a33j5Afgdi
a33k5Afgdh
a33k5zfgdh
a33k5zggdg
a33k5zggdh
a33k5zghdg
a4545111a
a456456
a5201314
A654321
a666666
a7758521
a7CkuntLDy
a852741
a88888888
a89400ab
aa
aa000000
aa111111
aa1122
aa123123
aa1234
aa123456
Aa123456
AA123456
aa123456789
aa6528028
aa79880132
aaa
AAA
aaa000
aaa111
aaa123
aaa123123
aaa123456
aaa222
aaaa
aaaa0000
aaaa1111
aaaa1234
AAAA1234
aaaaa
aaaaaa
AAAAAAA
aaaaaaaa
AAAAAAAA
aaaaaaaaa
aaaaaaaaaa
aaaassss
aaabbb
aaabbbccc
aaasss
aabb1122
aabbcc
aabbccdd
a_admin
aaron
aassdd
aassddff
ab1234
ab12345
ab123456
abby
abc
abc111111
abc112233
abc123
abc123123
ABC123123
abc123321
abc1234
abc12345
abc123456
ABC123456
abc1234567
abc12345678
abc123456789
abc1234567890
abc123abc
abc123abc123
abc654123
abcabc
abcabc123
abcabcabc
abcd
abcd123
abcd1234
ABCD1234
abcd12345
abcd123456
ABCDABCD
abcde
abcde12345
abcdef
abcdef123456
abcdefg
abcdefg123
abcdefgh
abgrtyu
abigail
abraham
absolut
academia
access
access14
account
accpaccp
acer
acmilan
action
active
acura
ad123456
ad2000
ada
adam
address
adg
adgjmptw
adidas
adidaspk
admin
Admin
admin1
admin@1
admin111
admin12
admin123
admin1234
ADMIN2010
admin222
admin333
admin444
admin555
admin666
admin888
admin999
adminadmin
adminhack
administrator
Administrator
adminqqq
adminuser
admin_user
admin_userinfo
adobe123
adrian
adriana
advil
aeh
aggies
agosto
agustin
ai123456
ai123456789
aiezu
aikman
aini1314
ainiyiwannian
aiqing
air
airhead
AISU1314
aiziJI
alan
alaska
albert
alberto
albertporsche
alejandra
alejandro
alex
alex1
alexande
alexander
alexandr
alexis
alfred
alice
alicia
aliens
alison
allen
allison
allo
alpha
alpha1
alpine
alvin
always
alyssa
amanda
amanda1
amateur
amber
amelie
america
america7
amiga
amigos
amilne0410
amour
amp12345
amuqdedwft
amy
ana
anderson
andre
andrea
andrew
andy
andylau
angel
angela
angela1
angelica
angelito
angels
angie
angus
animal
animals
anna
anne
annie
anonymous
another
anthony
anthony1
anybuy
anycall123
anything
aol
aoqi2009
aoyunhui
apache
ApjRppM844
ApjSqpM844
apollo
apollo13
apple
apple1
apple123
appleapple
apples
april
aptx4869
APTX4869
AqjSqqN844
aqmmbj
archie
arctic
argentina
ariane
ariel
arizona
armando
arnold
arsenal
art
arthur
article_admin
artist
arturo
as1234
as123456
as@#$%369DF
asasas
asasasas
ascii
asd
asd123
asd123123
asd1234
asd12345
asd123456
asd123456789
asd123asd
asd456
asdasd
asdasd123
ASDasd123
asdasdasd
ASDASDASD
asddsa
asdf
asdf!@#$
ASDF
asdf123
asdf1234
ASDF12345
asdf123456
asdfasdf
asdfdfdf
asdffdsa
asdfg
asdfg123
asdfg12345
asdfgh
asdfgh123
asdfghj
asdfghjk
asdfghjkl
ASDFGHJKL
asdfghjkl123
asdfjkl
asdfjkl;
asdfqwer
asdfzxcv
asdqwe
asdqwe123
asdsa
asdzxc
ashley
ashley1
asp
aspadmin
aspateso19
aspen
aspxadmin
ass
asshole
asterix
ath
athena
attila
august
august07
aurelie
austin
author
autoexec
avalon
avatar
AVM5Uacunj
AVM5Uadunj
AVM5Ubdunj
AVM6Ubdunj
awesome
ax57563095
axiao
axis2
aylmer
az123456
az1943
azazaz
azsxdc
azsxdcfv
b
b123456
b14b03
b33k5ygheg
b33m6xhhef
b33m6yghef
b43m6whife
b43m6xhiee
b43m6xhife
b43n6whifd
b6CjumsKDy
b6DjvmsKCx
b7CjumsKDy
babamama
babies
baby
babygirl
babygirl1
babygurl1
babylon5
bach
backup
backupexec
badboy
badger
baggio
bai
bai18dudu
baichi
baidu
baidu1599
baiduadmin
baidusb
Baike
bailey
baishikele
ballin1
balls
bamboo
banana
bananas
banane
bandit
baobao
baobao520
baobei
baobei520
barbara
barbie
barcelona
barney
barry
basebal
baseball
baseball1
basf
basic
basil
basket
basketb
basketba
basketball
bastard
batistuta
batman
batman1
bb123456
BBBBBB
bbbbbbbb
BBBBBBBB
bbs
bbscsdnnet
bc987654
beach
beagle
bean21
beaner
beanie
bear
bears
beatles
beatriz
beautifu
beautiful
beauty
beaver
beavis
beckham
beebop
beer
beibei
beijing
beijing2008
belle
benben
benito
benjamin
benny
benoit
benq*edifer
benson
berenice
bernard
bernie
bertha
betito
betty
beyond
bfi
bhyf123
bichilora
bigbird
bigcock
bigdaddy
bigdick
bigdog
bigfoot
bigmac
bigman
bigred
bigtits
bilbo
bill
billgates
billy
BINBIN
bingbing
bingo
binky
biology
bird
bird33
birdie
bisounours
bitch
bitch1
bitches
biteme
BJ2008
bj2009
bj2010
black
blackie
blahblah
blaster
blazer
blessed
blink182
blizzard
blonde
blondes
blondie
blowfish
blowjob
blowme
blue
bluebird
bluesky
bmp
bmw
bob
bobby
bobcat
bodhisattva
bond007
boner
bonita
bonjour
bonnie
booboo
boobs
booger
boogie
book
bookit
boomer
booster
boots
bootsie
booty
boris
boss
boss123
boston
bowling
bozo
BqjTqqN844
BqkTqqN844
BqkTrqN844
BqkTrqP854
bradley
brandi
brandon
brandon1
brandy
brasil
braves
brazil
brenda
brewster
brian
bridge
bridges
bright
BrkUrrP954
bronco
broncos
brooke
brooklyn
browns
bruce
brujita
brutus
bubba
bubba1
bubbles
bubbles1
buck
buddha
buddy
buffalo
buffy
bugaosuni
BUL5Tactmi
BUL5Tacumi
bull
bulldog
bullet
bullshit
BUM5Tacuni
bunny
burni101
business
buster
butch
butler
butter
butterfly
butthead
button
buttons
buyaoyongroot
buzhidao
buzz
BVM5Tacuni
by7704566
byteme
bzxyd
c
c++
C
c123456
c123456789
c43n6whifd
c44n6vijfc
c44n6vijgc
c44n6whjfd
c44p7uijgb
c44p7uikgb
c54p7uikgb
c54p7xjkga
c6DiwmrJCx
c6DjvmrJCx
c6DjvmsKCx
c6EiwmrJCx
caballo
cachonda
cactus
caesar
cai
caicai
caitlin
californ
calvin
camaro
camera
cameron
camila
campbell
camping
campus
canada
canced
cancer
candy
canela
cannon
cannonda
canon
cao
caocao
caodan
caonima
caonima123
caonimabi
caonimade
caonimadebi
caonimama
caonimei
capslock
captain
card
cardinal
carl
carlos
carmen
carmen1
carol
carole
carolina
caroline
carrie
carter
casablanca
cascade
casey
casio
casper
cassie
castle
cat
catalog
catfish
catherine
cats
catty
cazzo1001
cc
cc123456
cccccc
cccccccc
ccll99
cctv123
cdrom
cecilia
cedic
celica
celine
celtics
center
cesar
ceshi2009
cfi
cfj
cfxtdcom
cgf198896
cgi
cgj
challeng
champion
champs
chance
chanel
chang
change
changeme
changjiang
chaochao
chaos
chapman
charity
charles
charlie
charlie1
charlott
chat
chatroom
cheese
cheese1
chelsea
chen
chen123
chen1234
chen123456
chenchao
chenchen
chenfeng
CHENFENG
cheng
chengang
chengcheng
chenggong
chengnuo
chenhao
chenhui
chenjian
chenjie
chenjing
chenjun
chenlei
chenli
chenliang
chenlin
chenlong
chenming
CHENRUI
chenwei
chenxi
chenxiao
chenxue
chenyan
chenyang
chenying
chenyong
chenzishuai
cherry
cheryl
chester
chester1
chevy
chevy1
chicago
chicken
chicken1
chico
chiefs
china
CHINA123
china2008
china6815
chinared
chinaren
chinese
chip
chipper
chiquita
chloe
chocolat
chocolate
chocolate!
chocolate1
chris
chris1
chris6
chrissy
christ
christia
christian
christin
christina
christop
christoph
christy
chuang
chuck
chucky
chunchun
church
cin123
cinder
cinderella
cindi
cindy
claire
clancy
clark
class
classroo
claude
claudia
cleaner
clipper
cloclo
clover
clubconfig
clustadm
cluster
cmdshell
cms
cndkervip
cnforyou
cnot
cobra
cocacola
cock
coco
code8925
codename
codeword
coffee
coke
colleen
college
colorado
coltrane
columbia
comeon
command
company
compaq
compton
compute
computer
computer1
concept
config
congcong
congratulate
connect
connie
conrad
consuelo
control
controler
controller
cookie
cookie1
cookies
cool
coolboy
coolcool14
coolgirl
coolman
coolweb
cooper
copper
corona
corrado
corvette
corwin
cosmos
cougar
cougars
country
courtney
cowboy
cowboys
coyote
cpu
crack
cracker
craig
crapp
crawford
cream
creative
cricket
cristian
cristina
CrkUrrP954
CrmUrrQ955
CrmVsrQ955
CrmVssQ955
crow
cruise
crystal
cs123456
csdn1234
csdn123456
csdncsdn
csdn.net
CTK4Sabtmi
CTK4Sactmi
CTL4Sactmi
CTL5Sactmi
cuddles
cui
CUL5Tactmi
cumming
cumshot
cunt
curtis
customer
cutie
cyclone
cynthia
cyq721225
cyrano
d
d123456
d54p7xjkha
d54q7xjmhx
d54q7xkmhx
d54q7xkmix
d55q72kmix
d55q7xkmix
d6EiwkrJBw
d6EiwkrJBx
d888888
dada123
daddy
dai
daisy
dajiahao
dakota
dallas
damingai88
DAMINGQI88
dan
dance
dancer
dandan
dangdang
dangerous
dangyuan
daniel
danielle
danny
danteng
dantheman
dantong
daohao
daoke
daoker
daokers
daoqq
darkst
darling
darren
darwin
dasha
data
data123
database
dave
david
david1
dawn
daytek
dd123456
ddd
dddddd
ddddddd
dddddddd
dddnnn
dddnnnppp
dead
deadhead
dean
dearbook
death
debbie
december
dedede
dedewang
deedee
deeven
default
defense
deliver
dell
delphi
delphi2009
delta
demo
denali
deng
denise
dennis
denver
depeche
derek
design
desktop
detroit
deutsch
dexter
dfdfdf
dg123456
dgdg7234322
dgj
dh123456
diablo
diamond
diana
diandian
diane
diank123
dick
dickhead
digger
digital
digital1
dilbert
ding
ding123456
dingdang
dingding
dirdir
dirdirdir
direct1
director
dirk
dirty
disk
disney
dixie
dmsmcb
dmz
doc
doctor
dodger
dodgers
dog
dogbert
doggie
doggy
dollars
dolphin
dolphins
domain
dominic
domino
don
donald
dong
dongdong
dongfang
donkey
donna
doobie
doogie
dookie
doom
doom2
dorothy
dos
DotCom2
doudou
doug
dougie
douglas
download
dragon
dragon1
dragonfl
dragons
dream
dreamer
dreamh
dreams
driver
drizzt
drums
ds760206
dsd998
DSJ4R9bskh
DSK4R9bskh
DsmVssQ955
DsmVssR955
DsmWssR955
DsnWttRa65
duan
duck
duckie
dude
dugu
duke
dundee
duoduo
dustin
dusty
dwight
dylan
e
e10adc3949ba59abbe56e057f20f883e
e5FhxkqIAw
e5FhxkqIBw
e5FhykqIAw
e5FixkqIBw
e65r82kni2
e65r82knix
e65r82mnj2
e65r82mpj2
e65s83mpj2
e65s83mpj3
eagle
eagle1
eagles
edison
eduardo
edward
eeeeee
einstein
elijah
elite
elizabeth
elizabeth1
email
emilly
eminem
enamorada
english
enjoy
enter
eric
ERJ3Q9arjh
ERJ3Q9askh
erotic
ESJ3R9bskh
ESJ4R9bskh
EsnWtxRa65
estefania
estrella
et520
EtnXtxSa65
Evav
evil
evilhack
evilhacker
evilhk
example
excel
exchadm
exchange
excite
explorer
extreme
f
f123456
f19841205
f19ht
F19ht
f5GhyjqHAv
f65s83mpj3
f65s83mpk3
f65s83npk3
f75s83nqk3
f76s93nqk3
f76t93nqk3
f76t94nqm4
f76t94nrm4
f76t94prm4
faggot
faithful
falcon
family
fan
fanfan
fang
fangfang
fangyuan
fantasia
fantasy
fayewong
fclshark
fdsafdsa
FEIFEI
feixiang
feizhai000
felicidad
felipe
fender
fendou
feng
fengfeng
fengling
fengyun
fengzi
fernando
ferrari
ff
ffffff
fffffff
ffffffff
fffjjj
fight
fighting
file
files
fire
firebird
fish
fishing
florida
flower
fluffy1
flyers
flying
foobar
foofoo
football
football1
ford
forever
forever1
foreverlove
forget
format
format1094
forum
FQI3P8arjg
francis
francisco
frank
franklin
fred
freddy
freedom
FRI3Q9arjg
friend
friends
friends1
frogfrog
frontpage
fs1234
fst
f.s.t
F.S.T
ftp
ftproot
FtpYuxTa65
fuck
fucked
fucker
fuckfuck
fuckhack
fuckhacker
fucking
fuckit
fuckme
fuckoff
fuckyou
fuckyou!
Fuckyou
FuckYou
fuckyou1
fuckyou2
FupYuxTa66
FupYuxTb66
FupZuxUb66
futbol
futbol02
future
Fuyume123
fuyun6060
g
g123456
g4HgzjpGzu
g4HgzjpGzv
g4HgzjpHzv
g5GgzjpHAv
g76t94prm4
g76u94prm4
g86u94prm4
g86u94psn5
g86ua5qsn5
gabriela
gameover
games
gandalf
gao
gao123456
gaoxiang
gardenia
garfield
garou324
gateway
gatito
gators
gemini
genius
george
gerald
ggg111
gggg1111
gggggg
ggggggg
gggggggg
ghost
giants
giat
gif
ginger
girl
girls
gloria
godisgood
godslove
gogogo
gogogogo
golden
golf
golfer
gong
goo78leeg
goodboy
goodgood
goodluck
google
google250
googletester
gordon
goyj2010
GPH2N89qig
GPH2P89qig
GQH2P89qig
GQH2P8aqjg
GQH2P8arjg
GQI2P8arjg
grace
great
green
green1
greenday1
gregory
guaiguai
guanzong
guest
Guest
guitar
gundam
gunner
guo
guo150
guoguo
GupZuxUb76
GupZvxUb76
GvqJvxVb76
GvqZvxUb76
gxp
G.xp
h
h123456
h4ck
h4ck3r
h4HgAipGzu
h4IfAinGyu
h4IfAinGzu
h87va5qsn5
h87va5qtn5
h87va5qtp5
h87va5qtp6
h87va5rtp6
h97va5rtp6
h97va6rtp6
h97wa6rup6
h97wa6ruq6
h987654321
hack
hack520
hacker
hackersb
hackqingshu
hacksb
haha123
hahaha
hahahaha
hainan
haiyan
haiyang
hake
hakecc
hamasaki
hammer
han
hanbing
handsome
hangzhou
hanhan
hannah
hannover23
hao
hao123
hao123456
hao456250
haode
haohao
haohaoxuexi
haoren
haoweilai
happiness
happy
happy123
happy2008
happyboy
happyday
happyhappy
hardcore
harley
harold
harrison
harrypotter
heather
heaven
hector
heihei
heixiaozi
helen
helena
hello
hello1
hello123
hellohello
hellokitty
helloworld
helpme
henry
hentai
herbert
hermosa
hh123456
hhhhhh
hhhhhhh
hhhhhhhh
hhhhhhhhh
hhxxttxs
hi
hk169hk169
Hk336699
hke8908
hkk007
hkmjj
hkmm
HNG2N89qif
hockey
hockey1
hollister1
home
home123
homelesspa
homepage
honghong
hongker
hongkong
honker
hooters
horney
horny
host
hot
hotdog
hotmail
hotpage
hottie
hotweb
hou
house
howard
howareyou
HPG2N89qif
HPH2N89qif
HqzX
hs12341234
hsb123
htm
html
hu123456
huahua
huaidan
huang
huang123
huanghao
huanghuang
huangjian
huangjie
huangjing
huanglei
huangtao
huangwei
huangyan
huanhuan
Huanhuan
huanjue321
huihui
hulinbing
HUNAN98gl
hunter
hunting
huoying
HvqJvxVb76
HvqJwxVc76
HwqIwxWc76
HwrIwxWc76
hxy123456
hy123456
hyjzstx8
hyperlink
i
i4IfBinFyu
i4JfBinFyt
i97wb6rxq7
i97wb6sxq7
i98xb6sxq7
i98xb7sxr7
ia8xb7sxr7
ia8xb7sxr8
ia8xb7txr8
iamnotadmin
iamthebest
ibm
ICANFLY
iceman
icq
ihateyou
ihavenopass
iiioookl
ikebanaa
iknowyoucanreadthis
iloveme
iloveshell
iloveu
iloveu1
iloveyou
iloveyou!
iloveyou.
ILOVEYOU
iloveyou1
iloveyou1314
iloveyou2
iloveyou3
IMFxM78phf
imissyou
ineedyou
info
informix
INFxM78phf
ingtake1
INGxM78phf
INGxM79phf
INGxM89pif
int123
intel
internet
intranet
inzaghi
iolhcw19891209
iopiop
isabel
isp
issafay
itlv20
iverson
iwantu
IwrHw2Xc87
IwrIwxWc77
IwrIwxWc87
IxrHx2Xc87
IxsHx2Xc87
iyachi123
j
j123456
j3JeBhmFyt
j3JeChmExt
j3JeChmFxt
j3ZeChmExt
ja8xb7txr8
ja8yb7txr8
ja8yc7txs8
ja8yc8txsx
ja8yc8uxsx
jack
jack123456
jackie
JACKIE
jackson
jacob
jaguar
jake
james
jamesbond
jamies
jane
janet
japan
jasmine
jason
jason123456
jasonjason
jasper
java
javier
jb85811510
jcksyes
jeffery
jennifer
jenny
jer2911
jeremy
jericho
jerry
jessica
jessie
jesus
jesus1
jesusc
jesuschrist
jf520318
jia
jiajia
jiandan
jiandanai
jianfei000
jiang
jiang123
jianghui
jiangjiang
jiangjun
jiangnan
jiangshan
jiangtao
jiangwei
jianjian
jianqiang
jianqiao
jiaojiao
jiaozhu
jiaozu
jiarenqb
jiayou
jiejie
jim
jimmy
jin
jin888
jing
jingjing
jingling
jinjin
jintian
jiushiaini
jiushiwo
JJ123456
JJJJJJ
jjjjjjj
jjjjjjjj
jk123456
JMFxL78nhe
JMFxL78phe
jnknsd
joan
joe
johana
john
john316
johnny
johnson
jonathan
jordan
jordan1
jordan23
jorgito
joseph
joshua
joshua1
joy
joyce
jpeg
jspadmin
jt19790130
jtchs741852963
jtk2352
juanjuan
juese8
juice
julia
julie
junior
junjun
justdoit
justin
justin1
juventus
JxsGx2Yd87
JxsHx2Xc87
JysGy2Yd87
jZr198757
k
k123456
k1234567
k3ZeChmExt
k3ZeDhmExs
kaikai
kaixin
kakaxaqwe
kakka
kang
kangkang
KANGKANG
kangta
kb9Ad9v2ux
kb9Ad9vxux
kb9zc8uxtx
kb9zc9vxtx
kb9zd9vxtx
keke521
kelly
kelson
kenny
kevin
kevinn
key
kill
killer
killyou
kimi1015
kimi666
kimikimi
king
king123
kingcom5
kingking
kissme
kissy
kissyou
kitten
kitty
kk123456
kkkkkk
kkkkkkkk
knight
kobebryant
kong
ks48fn93f9i84
kuaile
kulooo
kw
KysFy2xd87
KytFy2xd97
KytFy2xd98
KztEz2xe98
L
l123456
l1234567
l12345678
l123456789
l23456789
ladies
lai
lakers
lalala
lanlan
laopo520
laopo521
laopowoaini
laura
lauren
laurence
lavender
lb851210
lcx
leader
leather
lechengwang
lee
leehom
legend
legolas
lei
leilei
lemmein
lengfeng
lengfengsk
lengxue
lenovo
leslie
letitbe
letmein
lewis
lezhi
lhj74331
li123456
liang
liang123
liangliang
lianlian
liao
liao5566
libertad
lifeng
lijian
lijing
liliang
lilingjie1102
lily
lilylily
liming
lin
lin123
lin123456
linda
liner
lingling
link
linlin
linux
lipeng
liqiang
lisa
list
little
liu
liu123
liu123456
liuchang
liudehua
liufeng
liujia
liujian
liujianliu
liujie
liujing
liujun
liuliang
liuliu
liuqiang
liusuting
liuwei
liuxiang
liuxin
liuxing
liuyan
liuyang
liuying
liuzhen
liverpool
liverpool1
lixiang
liyang
liyifeng
LIYING
lizdy
lj123456
lkjhgfdsa
ll123456
llllll
llllllll
lock
log
login
logitech
london
long
longlong
loser1
lotus
louis
love
love123
love123456
love1314
love2008
LOVE520
lovehack7758
lovejing
lovelove
lovely
loveme
loveme1
lovemyself
lover
lovers
loveshell
loveyou
loveyou1
lssy123
LUCIFER
lucky
luhui2004
lunnijie
luo
lwxlwx
lx
lxl72z
lxm128czsc
lxqqqqqq
ly123456
lyp82dlf
lyp82lf
LztEz2xe98
LzuDz2xe98
LzuEz2xe98
m
m123456
m2YdEgkDws
m3YdDgkDws
m3YdDhkDws
ma123456
mac
maddog
madison
madman
m_admin
maek
maggie
magic
magictx
magnum
mail
mainmain
majiajun
majiajun8888
makelove
mallorca
mama
mama520
MAMAwoaini
manage
manager
manolito
mao
maomao
maozedong
marco
margarita
maria
marie1
marine
mariposa
mark
market
marlboro
mars@)
martin
martina
marvin
mary
master
matianyu
matin
matrix
matt
matthew
matthew1
MAuCA32ea8
MAuCA32fa8
MAuDA32ea8
MAuDA3xea8
MAvCA32fa8
MAvCA32fa9
maverick
maxwell
mb9Ad9v2ux
mc9Ad9v2ux
mc9Ad9w2ux
mcaAdaw2vx
mcaBdaw2vx
mcaBeaw2vx
meimei
meimima
meiyou
meiyoumima
melissa
melody
member
memberlist
members
memory
menace
menghuan
mengmeng
mengxiang
mercedes
merlin
messenger
metallica
mexico
mi59420
miamor
miaomiao
michael
michael1
michelle
mickey
micky06040125
microsoft
midnight
miguelangel
mike
miller
mima123
mimacuowu
mimamima
mine
mingming
mingtian
minmin
MiSsyOu
mistress
mm123456
mmmmmm
mmmmmmmm
mnbvcxz
modem
moikka
mokito
money
money159
mongola
monica
monisima
monitor
monkey
monkey1
monster
morenita
morgan
morning
mother
motorola
mountain
movie
mp3
mpeg
ms0123456
msconfig
MSconfig
mtyy28
mud
muffin
multimedia
murphy
music
mustang
mxddy2001
my123456
my626532
mykey
mylove
myname
mypass
mypassword
mypc123
myriam
myself
myspace
myspace1
myweb
n
n2XcEgjCvr
n2XcFgjCvr
n2XdEgkDwr
n2YdEgkDws
naked
nana
nanacita
nancy
nanjing
nannan
napoleon
nascar
nataliag
natation
nathan
naub3.
naughty
NBvBB32fa9
NBvCA32fa9
nc
ncaBeax2vx
ncaBeax2wx
ncc1701
nclpf2p4
ndaCeax2wx
ndaCebx2wx
ndaCeby2wx
ndbCeby2xx
negrita
nelson
net
netboy
netgirl
netizen
netwolf
network
newhappy
newlife
newmj2009tp
news
newyork
niaishui
niaiwoma
nicaicai
nicasito
nicholas
nicole
nicole1
nigger
nigger1
nihao
nihao123
nihaoa
nihaoma
NIHAOnihao
nihaoya
nimda
ningning
ninja
nintendo
nipple
nipples
nirvana
nirvana1
nishigou
nishishui
nishiwode
nishizhu
niuniu
nnnnnn
no1444888
noadmin
nobody
nohack
noid
nomeacuerdo
nonono
nopass
nopassword
notes
nothing
noviembre
nuevopc
%null%
NULL
number1
nxa1024
o
office
office2000
office97
ok123456
okokok
okokokok
oliver
olivia
online
ooo000
oookkk
oooooo
oooooooo
ooooOOOO
opendoor
operation
opopop
oracle
oracle8
orange
orange1
otalab
ou812
ouou
ouyang
owner
p
p0o9i8u7
p123456
p2WcFfjCvr
p2XcFgjCvr
packers
paloma
pamela
pan
pana
panasonic
panda1
panther
panties
papito
paradise
paramo
paris
parisdenoia
parker
pascal
pasion
pass
pass1
pass12
pass123
pass1234
passion
passpass
passport
passw0rd
Passw0rd
passwd
password
password!
password.
Password
PASSWORD
password1
password12
password123
password2
password3
pastor
patoclero
patricia
patrick
paul
paulis
pavilion
PBwBB32fb9
pci
PCwAB32fb9
PCwAB32gb9
PCwAC33gb9
pcweek
pdbDeby2xx
pdbDfby2xx
pdbDfcy2xx
peace
peaches
peanut
pebDfcy3xx
pebDfcz3xx
pebDfcz3yx
pebEfcz3yx
pelirroja
pendejo
peng
pengpeng
penis
pepper
perfect
pericles
perkele
perlita
perros
petalo
peter
phantom
philip
philips
phoenix
phpadmin
phpbb
pierre
piff
pingping
PINKSHINING
piolin
pirate
piscis
playboy
player
please
poetry
poiuyt
poiuytrewq
pokemon
poohbear1
pookie
poonam
popeye
porn
porno
porque
porsche
portaladmin
power
Power
pp123456
pppppp
pppppppp
praise
prayer
presario
pretty
prince
princesa
princess
princess1
print
printer
private
program
p@ssw0rd
P@ssw0rd
public
pukayaco14
pulgas
purple
pussies
pussy
putao0919
pw123
pwrchute
q
Q00000
q11111
q111111
q1111111
q11111111
q12300
q123123
q12345
q123456
q1234567
q12345678
q123456789
q13579p
q1q1q1
q1q1q1q1
q1w2e3
q1w2e3r4
q1w2e3r4t5
q2WcGfjBuq
q365412
qasxdcfvazwsgbhn
qawsed
qawsedrf
qaz123
QAZ123
qaz123123
qaz12345
qaz123456
qaz123wsx
!QAz2wsx
!QAZ2wsx
qaz741
qazedc
qazqaz
qazqazqaz
qazwsx
qazwsx12
qazwsx123
qazwsx123456
qazwsxed
qazwsxedc
QAZWSXEDC
qazwsxedcrfv
qazxsw
qazxsw123
qazxswedc
qazzaq
QCwzC33gb9
QDxyD43gba
QDxzC43gba
QDxzD43gba
qebEfcz3yx
qecEfdz3yx
qecEgdA3zx
qfcFgdA3zx
qian
qianqian
qiao
qiaoqiao
qifeng
qing
qingfeng
qingqing
qingshu
qingshu$
qingtian
qinqin
qiu
qiuqiu
qosqomanta
qq
qq00000
qq000000
qq111111
QQ112233
qq123123
qq123321
qq1234
qq12345
qq123456
QQ123456
qq1234567
qq123456789
qq1314520
QQ1314520
qq1314520123456
qq310064
qq365412
qq5201314
qqaazz
qqq000
qqq111
qqq11111
QQQ123
qqq123456
qqq222
qqqq1111
qqqq1234
qqqqq
qqqqqq
qqqqqq1
qqqqqqq
qqqqqqqq
QQQQQQQQ
qqqqqqqqq
qqqqqqqqqq
qqqqwwww
qqqwww
qqww2288
QQWWEE
quebec
quest
quniMADE
qw1234
qw123456
qwaszx
qwaszx123
qwe123
qwe123123
qwe1234
qwe12345
qwe123456
qwe123qwe
qwe300100
qwe789
qweasd
qweasd123
qweasdzxc
qweewq
qweqwe
qweqwe123
qweqweqwe
qwer123
qwer1234
qwer123456
qwerasdf
qwerqwer
qwert
qwert123
qwert12345
qwertasdfg
qwerty
qwerty1
qwerty12
qwerty123
qwerty123456
qwerty80
qwertyu
qwertyui
QWERTYUI
qwertyuio
QWERTYUIO
qwertyuiop
QWERTYUIOP
qwertyuiop123
qwewq
qwqwqw
qwqwqw001
qwqwqwqw
qxVbGfiBuq
qxVbHfiBuq
qxWbGfiBuq
qyahzn
qzfft1
R
r4sky
rabbit
racerx
rachel
racing
racoon
radio
rafael
rafaeltqm
raider
raiders
rain
rainbow
raistlin
rallitas
ram
rambo1
RAND#a#8
random
randy
ranger
rangers
raptor
rapture
raquel
rascal
rasta
raven
raymond
RDxyD43hca
reader
reading
reality
realmadrid
rebecca
rebels
red
redapple
reddog
redrum
redskin
redskins
redsox
redwing
redwings
reebok
reefer
reggie
rejoice
remember
ren
ren123456
renee
rensheng
replicate
republic
republica
requiem
research
retard
RExyD43hca
reynolds
REyxD44hca
REyxE44hca
REyyD43hca
reznor
rfcFgdA3zx
rfcFgdB3Ax
rfcFgeB3Ax
rfcGgeB3Ax
rfcGgeB3xx
rfkl
rgdGheB4xx
rghy1234
rhonda
ricardo
richard
ricky
rilidongl
rinima
ripper
river
robbie
robert
robert1
roberto
robin
robinhoo
robot
robotech
rock
rocket
rocky
rodman
roger
rom
roman
romantico
ronald
ronaldo
rongfan66
rongrong
ronica
room
rooster
root
root123
rootroot
roping
rosario
rose
rosebud
roses
rosie
rosita
roxy
roy
royal
royals
rrrrrr
rs
ruby
rufus
rugby
rui100
runner
running
rush2112
russel
russell
russia
rusty
rusuan
ruth
rux
ruy
rxUbHeiAtp
rxVbHeiAtq
rxVbHfiAuq
rxVbHfiBuq
ryan
s
s123456
s1234567
s12345678
s123456789
s1t2o3n4
s2j3l9v5
s88888888
sa
Sa
sabrina
sadie
sadness
safety
sailing
sailor
sakura
salasana
sales
sally
salmon
salou25
salut
salvation
sam
samantha
samleiming
sammie
sammy
sample
sampler
sampson
samson
samsung
samuel
samuel22
sanders
sandra
sandy
sango
sanjose1
sanjuqingan
santa
santiago
santos
sapphire
sarah
sarah1
sarita
sasa
sasha
saskia
sassy
satan
Satan
saturn
savage
SAVAGE
sb
sb360
sbdc
scarlet
scarlett
school
science
scooby
scooby1
scooter
scooter1
scorpio
scorpion
scotch
scott
scotty
scout
scruffy
scuba1
sd123456
sdfdgtf
sdfjkl
sdfsdf
sdfsdfsdf
seagate
sean
seattle
sebastian
secret
secure
security
selina
sendit
senior
septembe
septiembre
sergei
sergio
servando
server
service
sestosant
seven
seven7
sex
Sex
SEX
sexsex
sexy
SEyxE44hca
SFywE44icb
SFzwE44idb
SFzwF44idb
sgdGheC4x2
sgdHhfC4x2
sgdHhfD4x2
sh3ll
shadow
shadow1
shadows
shalom
shandong
shanghai
shangxin
shannon
shanshan
shanti
shanyin
shao
shaomo
share
shark
sharon
shasha
shaved
shawn
shdHifD4x2
sheba
sheena
sheila
shelby
shell
Shell
shelley
shelly
shen
shenghuo
shenyang
shenzhen
sherry
sheshe
shevchenko
Shevchenko
shi
shijian
shinco
shinhwa
shiqunxin
shirley
shit
shithead
shitou
shmily
shoes
shooter
shorty
shorty1
shotgun
shoujiqb
showme
showmethe
shuaishuai
SHUANG
shuijing
shunzi
shuxin
sidney
sierra
silicon
silver
simba
simon
simple
sin
sina
sinegra
singer
sisiaijun1314
sister12
site
skater
skeeter
skidoo
skiing
skinny
skipper
skippy
slacker
slamdunk
slayer
slipknot
slipknot666
slut
smashing
smile
smiles
smiley
smith
smiths
smokey
snake
snapple
snicker
snickers
sniper
snoopdog
snoopy
snoopy1
snow
snowbal
snowball
snowfall
snowman
snuffy
soccer
soccer1
soccer2
soft
softball
software
soledad
soleil
solo
song
songaideng
songsong
sonics
sonny
sonrisa
sony
sophia
sophie
soto
soyhermosa
space
spain
spanish
spanky
sparky
sparrow
special
speech
speedo
speedy
spencer
spider
spike
spirit
spitfire
spooky
sports
spring
sprite
spunky
sq19880602
sql
sqlexec
squirt
srinivas
ss123456
sss123456
ssssss
ssssssss
stacey
stanley
star
star69
stargate
stars
start
startrek
starwars
station
stealth
steele
steelers
stefanie
stella
steph
stephani
stephen
steve
steven
stever
sticky
stimpy
sting1
stingray
stinky
storm
stormy
storyofall
strat
strawber
strider
stuart
student
studly
stupid
success
suckit
sudoku
sugar
suibian
summer
summer1
sun
sun123456
sunbird
sundance
sunday
sunflowe
sunflower
sunjian
sunny
sunny1
sunrise
sunset
sunshin
sunshine
sunyanzi
sunzi
super
superman
superman1
superuser
supervisor
support
support123
supra
surf
surfer
susan
susana
susanna
suzanne
suzuki
swallow
swarov2009
sweetie
sweetpea
sweets
sweety
swimmer
swimming
sxa029589
sxUaIehAtp
sxUaIehztp
sybase
syd495273
sydney
sylvia
sylvie
symbol
system
sz
sz123456
T
T00ls
t123456
tacobell
taffy
tag
talent
tamara
tammy
tan
tandy
tang
tangjian
tangkai
tangkay
tango
tangtang
tanker
tanner
tanya
taobao
taobao887
taotao
tara
tardis
target
tarzan
tasha
tattoo
taurus
taylor
taylor1
tazman
tdy123456
teacher
teachers
tech
techno
technology
teddy
teddy1
teens
tekila
telecom
telefono
telnet
temp
temp!
temp123
temporal
temporary
temptemp
tenerife
tengxin
tengxunsb
tennis
tequiero
tequila
teresa
terry
test
test!
test1
test123
test1234
test123456
test2
testadmin
tester
testing
testtest
test@test.com
texas
TFzvF54idb
TFzwF44idb
TGzvF54idb
TGzvF55idb
thankyou
thdIifD4x2
theatre
thebest
theboss
theIifD4x2
theIigD4x2
theIigE4x2
theJigE4x2
theJigE5x2
theking
theman
theresa
therock
thinkpad
thomas
tHTaJehzsp
thumper
thunder
thunderb
thursday
thx1138
tian
tiancai
tiancai123
tiankong
tianmi
tianshi
tiantang
tiantian
tianxia
tianya
tianya123
tianyaclub
tianya.cn
tianyashequ
tianyuan
tierno
tiffany
tig
tiger
tigers
tigger
tigger1
tigre
tim
timber
time
timosha
timosha123
timothy
tina
tingting
tinker
tinkerbell
tinman
tintin
tIT9Jdgzsn
titimaman
titouf59
tits
tivoli
TMXUKTKE
tobias
toby
today
tom
tomato
tomcat
tommy
tomorrow
tonecan
tongtong
tony
toor
tootsie
topcat
topcool
topgun
topher
toronto
toshiba
toyota
tractor
tracy
training
travel
travis
trebor
trek
trevor
tricia
trident
trinity
tristan
trixie
trouble
truck
trucks
trumpet
trustno1
tsinghua
tt123456
ttg451884829
tttttt
tttttttt
tucker
tuesday
turbo
turtle
tweety
tweety1
twins
twitter
tx
ty1234
ty123456
tybnoq
tyler
tzwadmin123
u
uality
ufo
ufohack
UGAuG55jdb
UGAvG55idb
UHAuG55jec
uieJigE5x2
uieJjhE5x2
uieJjhF522
uifJjhF522
uifKjhF522
uIS9Zdgysn
uIT9Jdgzsn
uJS9Zdgyrn
uJS9Zdgysn
undead
underworld
unicorn
unicornio
united
universidad
unix
unknown
unlock
url
usa
user
User
user1
userinfo
userlist
username
%username%
users
utopia
uweihai001
V
vader
vagina
valentin
valentina
valentinchoque
valerie
valeverga
valhalla
vampire
vanessa
vanilla
vcd
velvet
venus
veracruz
veritas
vermont
veronica
verygood
vette
VHAtG55jec
VHBtH55jec
VIBsH56kec
vicekw
vicky
victor
victoria
victory
video
vifKjhF522
viking
vikings
vincent
violet
viper
viper1
virginia
virus
visa
vision
vivian
vjfKjiG522
vjfLkiG522
vjgLkiG522
vJR8Ydfyrm
vJS9Zdgyrn
volley
volleyb
volvo
voodoo
voyager
VVVVVV
vvvvvvvv
vZR8Ydfxrm
w
w111111
w12345
w123456
w1234567
w12345678
w123456789
w5659007
wabjtam
wahaha
walker
walleye
wally
walter
wan
wan0425
wang
wang123
wang1234
Wang1234
wang123456
wanG123456
wangbadan
wangbin
wangbing
wangchao
wangchen
wangcheng
wangdezhou
wangdong
wangfang
wangfei
wangfeng
wanggang
wanghai
wanghao
wanghong
wanghuan
wanghui
wangji
wangjia
wangjian
wangjie
wangjin
wangjing
wangjuan
wangjun
wangkai
wangle
wanglei
wangli
wangliang
wanglin
wangling
WANGLONG
wangmeng
wangming
wangning
wangpeng
wangping
wangqian
wangqiang
wangqing
wangrui
wangshuai
wangtao
wangting
wangwang
wangwei
wangxiang
wangxiao
wangxin
wangxing
wangyan
wangyang
wangyi
wangying
wangyong
wangyu
wangyuan
wangyue
wangyut2
wangzhang
wangzhen
wangzheng
wanker
wanshuai198202
wanwan
warcraft
warez
warner
warren
warrior
warriors
water
watson
wayne
weasel
web
web123
webadmin
webadmin2
weblogic
webmaste
webmaster
webshell
Webshell
WebShell
webster
weezer
wei
wei123456
weiccg
weishenme
weiwei
weiweiwei
welcome
welcome1
welcome123
wendy
weng
wenjing
wenwen
wesley
western
westlife
westside
whales
whateve
whatever
whatweb
wheeling
wheels
whisky
white
whitney
whoami
whoareyou
why111
WIBsH56kec
wicked
WICrI66kfc
WICsI66kfc
wiesenhof
wiii2dsE
wiiisa222
wilbur
wildcat
william
william1
williams
willie
willow
willy
wilson
win2000
win95
win98
windows
windows123
windows98
windowsxp
windsurf
winner
winnie
winston
winter
wisdom
wizard
wj123456
WJCrI66kfd
wjgLkjH623
wjgMkjH623
wjq19820207
wjsswj
wk78225522
wkgMkjH623
wkgMmjH623
wkgMmjI623
wkgNmjI633
wo123456
woaibabamama
woaibaobao
woailaogong
woailaopo
woaimama
woaini
woaini11
woaini123
woaini1314
woaini520
woaini521
woainia
woainima
woainimama
woainiwoaini
woainiya
woaiwo
woaiwojia
woaiwoziji
woaiziji
wobuaini
wobuzhidao
wocaonima
wode2009
wodeai
wodemima
wodeshijie
wodezuiai
wohenaini
wohenhao
WOHENNI
wojiushiwo
wokaonima
wolf
wolf1
wolfgang
wolfman
wolverin
wolves
wombat
women
womendeai
wonder
wonderful
woodland
woody
woohyuk
wopianbuai
word
word2000
word97
worinima
work123
workhard
worship
woshi123
woshihaoren
woshimao
woshimeinv
woshiniba
woshinibaba
woshinidaye
woshinidie
woshinigg
woshinima
woshiren
woshishei
woshishen
woshishui
woshitiancai
woshiwo
woshizhu
wowangle
woxiangni
woxihuan
woxihuanni
woyaoponi
wozhiaini
wozhidao
wpqAfc308Xecon
wq123456
wqepqkcg
wqsb
wrangler
wrestle
wright
writer
writing
wrsk
wrsky
wsky0o0o0o
wsxedc
wu123456
wuliao
wushuang
wusuowei
wuzheng
ww111111
ww123456
www
www123
WWW123
www123456
wwwhakecc
wwwrrr
wwwwww
wwwwwwww
wy123456
wYQ8Xcfxqm
wZQ8Xcfxqm
wZR8Ycfxrm
x
X
x123456
x123456789
x7AxsnuMEz
x7BktntLDy
x7BktntLEz
x7BxtntMEz
x8AxspuMEz
x8AxspuMFz
x_admin
xanadu
xavier
xcountry
xem3cxDYQJ
xem3cxEYQJ
xesxesxes
xfiles
xfj3byFZRK
xfk3bxEZQJ
xfk3bxEZRJ
xfk3cxEZQJ
xfx3ayFJRK
xg248zGHTL
xgx39yGISL
xgx39zGISL
xgx3ayFJSK
xgx48zGITL
xh246AIGUN
xh247AHGUM
xh247AHHTM
xh247AHHUM
xh248zHHTM
xi344BJEWP
xi345BIFVN
xi345BJFVP
xi346BIFVN
xi346BIGVN
xia
xiangni
xiangxiang
xiao
xiao123
xiao123456
xiaobai
xiaobao
xiaobing
xiaodong
xiaoe
xiaofang
xiaofei
xiaofeng
xiaogang
xiaoguang
xiaohong
xiaohua
xiaohui
xiaojian
xiaojie
xiaojing
xiaojun
xiaokun
xiaolei
xiaoli
xiaoliang
xiaoling
xiaolong
xiaomao
xiaomei
xiaoming
xiaoqian
xiaoqiang
xiaoqing
xiaotian
xiaowei
xiaowen
xiaowu
xiaoxiao
xiaoxin
xiaoxiong
xiaoxue
xiaoyan
xiaoyang
xiaoyao
xiaoyi
xiaoying
XIAOYONG
xiaoyu
xiaoyuer
xiaozhu
xiazhili
xie
xiexie
xihuanni
ximena
ximenita
xingfu
xingxing
xinxin
xinxin13d
xiong
xiqi520
xixihaha
xj123456
xj344CJEWP
xj452DxDXQ
xj453CxDXQ
xj453CxEWQ
xj454CxEWQ
XJCqJ66mfd
XJCrI66kfd
XJCrI66mfd
XJDqJ67mfd
xjxj
xk45xDxCYR
xk45xDxDXR
xk55xDxCYR
xk55xExBYS
xk55xExBZS
xkgNmkI633
xkhNmkI633
xm55xExBZS
xmhNmkI633
xmhNmkJ633
xmhPnkJ633
xu123456
xuan1230
xuanxuan
xue
xunleili
xunleitk
xx123456
xxoo
xxoxx
xxx
xxxx
xxxxhh
xxxxx
xxxxxx
xxxxxxxx
xy123456
xYP7Wcewqk
xYQ7Xcewqk
xYQ7Xcfxqm
y
y123456
y123456789
y2k
y66y88
yaho982er
yahoo
yamaha
yan123
yang
yang123
yang1234
yang123456
yangchao
yangfan
yangguang
yangjian
yangjie
yangjing
yangjun
yangming
yangqian
yangxiao
yangyang
yangyong
yanjing
yankee
yankees
yankees1
yanyan
yao
yao881011
yaoyao
yaozhiwu
ye123456
yeah
yellow
yeshua
yesterday
yi200538
yiduedu
yin
ying
yingying
yiwang
yj2009
yjh998865
YKDpJ67mgd
YKDpK67mgd
YKDqJ67mfd
YKDqJ67mgd
ymhPnmJ733
ymhPnmK733
yniQnmK733
yoda
yomama
yong
yongheng
Yongheng
yonghu
yongyuan
yoteamo
youandme
youaresb
youguest
young
youyou
youyou88
yrpx
ysrmma
yu123456
yuan
yuan123456
yuanyuan
yuemo
yueyue
yushiwuzheng
yuyang
yvonne
yWa74b
yx12345678
yxd789321
yXP7Wbewpk
yXP7Wcewpk
yXP7Wcewqk
yxqs90999
yy
yy123456
yyswxws
yyyyyy
yyyyyyyy
z
z000000
z12345
z123456
z1234567
z12345678
z123456789
z159357
zachary
zaiwa1124
zaochensheji
zapata
zapato
zaphod
zaq123
zaq12wsx
zaq1xsw2
zaqwsx
zaqwsx123
zaqxsw
zaqxswcde
zaqzaq
zc123456
zc.123456
zebra
zeng
zenith
zephyr
zeppelin
zeus
zh123456
zhack
zhang
zhang123
zhang123456
zhang198614
zhang520
zhangbin
zhangbo
zhangchao
zhangfan
zhangfei
zhangfeng
zhanghan
zhanghao
zhanghong
zhanghua
zhanghui
zhangjian
zhangjie
zhangjin
zhangjing
zhangjun
zhangkai
zhanglei
zhangli
zhangliang
zhanglin
zhanglong
zhangmin
zhangming
zhangnan
zhangpeng
zhangqi
zhangqian
zhangqiang
zhangqing
zhangrui
zhangtao
zhangwei
zhangwen
zhangxiao
zhangxin
zhangyan
zhangyang
zhangyi
zhangying
zhangyong
zhangyu
zhangyuan
zhangyue
zhangyun
zhangzhang
zhangzhen
zhao
zhaojing
zhaowei
zhaoyang
zhaozhao
zhendeaini
zheng
zhengwei
zhenzhen
zhimakaimen
zhong
zhongguo
zhonghua
zhou
zhou123456
zhoufeng
ZHOUJIAN
zhoujielun
zhoujing
zhouwei
zhouyang
zhouzhou
zhrmghg
zhu
zhuang
zhuzhu
ziggy
zirtaeb
zj123456
zl123456
ZLEnK77nge
ZLEnK78nge
ZLEnL78nge
ZLEpK77nge
zniQpnK733
zniQpnL733
zniRpnL743
zniRpnL744
zombie
zoo-1573
zorro
zou
zouyong
zpiRpnL744
zpjRpnL744
zpjRppL744
zWN6Vbdvnj
zWN6Vbdvpj
zx123456
zxc
zxc123
zxc123456
Zxc123456
zxcasd
zxcasdqwe
zxccxz
zxcv123
zxcv1234
zxcvb
zxcvbn
zxcvbnm
zxcvbnm1
zxcvbnm123
zxcvbnma
zxcvbnmm
zxcvbnmzxcvbnm
zxcvzxcv
zxcxz
zxczxc
zxczxczxc
zxzxzx
zxzxzxzx
zy123456
zyj123456
zym19831230
zz
zz123456
zzz123456
zzzxxx
zzzzz
zzzzzz
zzzzzzz
zzzzzzzz
zzzzzzzzz
zzzzzzzzzz
用户
